100 2.7025e-05
200 6.4022e-05
300 0.000121212
400 0.00015528
500 0.000172431
600 0.000287519
700 0.000425631
800 0.000291391
900 0.00043171
1000 0.000462866
1100 0.000636633
1200 0.000570093
1300 0.000847226
1400 0.00062831
1500 0.000573901
1600 0.0012934
1700 0.0012204
1800 0.000679035
1900 0.000803206
2000 0.000800514
2100 0.000966321
2200 0.00123988
2300 0.000902629
2400 0.00105809
2500 0.00114229
2600 0.00105248
2700 0.00111507
2800 0.00139247
2900 0.00116482
3000 0.00148569
3100 0.00202362
3200 0.00134505
3300 0.00128253
3400 0.00136906
3500 0.00158965
3600 0.00146923
3700 0.00153706
3800 0.00159019
3900 0.00173735
4000 0.00215858
4100 0.00172953
4200 0.00188177
4300 0.00255754
4400 0.00175968
4500 0.00218741
4600 0.00228695
4700 0.00207865
4800 0.00248699
4900 0.00238498
5000 0.00211152
5100 0.00269973
5200 0.00280289
5300 0.00256958
5400 0.00323356
5500 0.00220659
5600 0.00263421
5700 0.00246796
5800 0.00277194
5900 0.00315932
6000 0.0028921
6100 0.0028815
6200 0.00270529
6300 0.00315009
6400 0.00284129
6500 0.00328428
6600 0.00317512
6700 0.004574
6800 0.00382184
6900 0.00324855
7000 0.00365929
7100 0.00329007
7200 0.0032789
7300 0.00365268
7400 0.00313437
7500 0.00385681
7600 0.00365101
7700 0.00342192
7800 0.00422255
7900 0.0037553
8000 0.00486158
8100 0.00369727
8200 0.00379222
8300 0.00380234
8400 0.00449515
8500 0.00475599
8600 0.00392945
8700 0.00456827
8800 0.00437521
8900 0.00423033
9000 0.00411387
9100 0.00466102
9200 0.00461787
9300 0.00421264
9400 0.00477884
9500 0.00533652
9600 0.00479718
9700 0.00534417
9800 0.00454926
9900 0.00607304
10000 0.00492074
10100 0.0045659
10200 0.00493961
10300 0.00597825
10400 0.00577836
10500 0.00488212
10600 0.00554339
10700 0.00560847
10800 0.0049009
10900 0.00664882
11000 0.00632149
11100 0.00545795
11200 0.00554696
11300 0.00510797
11400 0.00647303
11500 0.00545936
11600 0.00575343
11700 0.00637576
11800 0.00627351
11900 0.00542459
12000 0.00534207
12100 0.00648184
12200 0.00558004
12300 0.00677253
12400 0.00697749
12500 0.00643202
12600 0.00680521
12700 0.00808256
12800 0.00673831
12900 0.00592219
13000 0.00679377
13100 0.00717232
13200 0.00615899
13300 0.0071936
13400 0.00699078
13500 0.00609255
13600 0.00826812
13700 0.00771332
13800 0.00706727
13900 0.00674738
14000 0.00840895
14100 0.00818012
14200 0.00808035
14300 0.00747662
14400 0.00686672
14500 0.00768679
14600 0.00842921
14700 0.00673854
14800 0.0070534
14900 0.00922685
15000 0.00767901
15100 0.00958231
15200 0.00832445
15300 0.00811202
15400 0.00899525
15500 0.00771279
15600 0.00966719
15700 0.00936117
15800 0.00707919
15900 0.00905006
16000 0.00833159
16100 0.00911574
16200 0.00917929
16300 0.01072
16400 0.0091722
16500 0.00954112
16600 0.0123322
16700 0.010521
16800 0.00890605
16900 0.0110904
17000 0.0100879
17100 0.00994141
17200 0.0107698
17300 0.0088757
17400 0.00902523
17500 0.00995464
17600 0.00880123
17700 0.00957386
17800 0.00932338
17900 0.00986563
18000 0.0113299
18100 0.00970637
18200 0.0105152
18300 0.011054
18400 0.0104431
18500 0.0105885
18600 0.00982137
18700 0.0105494
18800 0.0096889
18900 0.0109926
19000 0.0103711
19100 0.0103828
19200 0.0130235
19300 0.0101785
19400 0.0115304
19500 0.0100626
19600 0.010904
19700 0.0107357
19800 0.0114787
19900 0.0118275
20000 0.0112007
20100 0.0111216
20200 0.0120769
20300 0.0113535
20400 0.0123136
20500 0.0114424
20600 0.0115812
20700 0.0106544
20800 0.0118851
20900 0.010982
21000 0.0111536
21100 0.0116553
21200 0.0122335
21300 0.0121302
21400 0.0128655
21500 0.0118916
21600 0.0117293
21700 0.012343
21800 0.0118038
21900 0.0128921
22000 0.0114611
22100 0.0135589
22200 0.013333
22300 0.0129676
22400 0.0140723
22500 0.0135314
22600 0.0125624
22700 0.0132532
22800 0.0169507
22900 0.0138966
23000 0.0127526
23100 0.0150462
23200 0.0117626
23300 0.0134396
23400 0.0123103
23500 0.0138315
23600 0.0134349
23700 0.0139437
23800 0.0136745
23900 0.0135764
24000 0.0124788
24100 0.0139943
24200 0.0143083
24300 0.016355
24400 0.0129672
24500 0.014665
24600 0.0133825
24700 0.0150861
24800 0.0136332
24900 0.0144283
25000 0.0135442
25100 0.0154262
25200 0.0140564
25300 0.016021
25400 0.0134057
25500 0.0198551
25600 0.0132856
25700 0.0147396
25800 0.0134452
25900 0.0149592
26000 0.0142231
26100 0.0150501
26200 0.0142368
26300 0.0154793
26400 0.014106
26500 0.0147501
26600 0.0137884
26700 0.0152901
26800 0.0149312
26900 0.0157065
27000 0.0138403
27100 0.0147739
27200 0.0145931
27300 0.0155791
27400 0.014849
27500 0.0152435
27600 0.01472
27700 0.015209
27800 0.014404
27900 0.0165731
28000 0.0150466
28100 0.0182161
28200 0.0155922
28300 0.0153944
28400 0.0159187
28500 0.0153096
28600 0.0153578
28700 0.0163635
28800 0.0165965
28900 0.0157628
29000 0.0154835
29100 0.015383
29200 0.015483
29300 0.0160503
29400 0.0159668
29500 0.0178118
29600 0.0167625
29700 0.0168291
29800 0.0165202
29900 0.0168732
30000 0.0170034
30100 0.0180813
30200 0.0175743
30300 0.0161233
30400 0.0164029
30500 0.0163364
30600 0.0169022
30700 0.0172562
30800 0.0169984
30900 0.0179414
31000 0.0168369
31100 0.016562
31200 0.0188951
31300 0.0179838
31400 0.0178376
31500 0.0171422
31600 0.0175817
31700 0.0180076
31800 0.0166857
31900 0.0187035
32000 0.0166904
32100 0.0174485
32200 0.0182131
32300 0.0174659
32400 0.0193034
32500 0.017971
32600 0.0184085
32700 0.0234828
32800 0.0205396
32900 0.0194422
33000 0.018911
33100 0.0173358
33200 0.0185607
33300 0.0188446
33400 0.0192709
33500 0.0191178
33600 0.0183716
33700 0.0187245
33800 0.0200274
33900 0.0193825
34000 0.0198548
34100 0.0195906
34200 0.0204765
34300 0.0205585
34400 0.0210549
34500 0.0205816
34600 0.0206885
34700 0.021802
34800 0.0197982
34900 0.0209639
35000 0.0214416
35100 0.0196657
35200 0.019992
35300 0.0203817
35400 0.0212243
35500 0.0200673
35600 0.0210661
35700 0.0211852
35800 0.0214849
35900 0.0205131
36000 0.0223257
36100 0.0200473
36200 0.0209158
36300 0.0223964
36400 0.023792
36500 0.0210903
36600 0.0229746
36700 0.0221892
36800 0.0262253
36900 0.0207072
37000 0.0211318
37100 0.0218002
37200 0.021207
37300 0.0215907
37400 0.0224595
37500 0.0222719
37600 0.0215587
37700 0.0219067
37800 0.0250811
37900 0.0236619
38000 0.0207288
38100 0.0208168
38200 0.0228033
38300 0.0231512
38400 0.0238616
38500 0.0228628
38600 0.0218945
38700 0.0235394
38800 0.0217777
38900 0.0216066
39000 0.0235854
39100 0.0225698
39200 0.0237978
39300 0.0216469
39400 0.0244466
39500 0.0218524
39600 0.025527
39700 0.0223012
39800 0.0226734
39900 0.0217344
40000 0.0226235
40100 0.0220747
40200 0.0224575
40300 0.0234569
40400 0.0291052
40500 0.0268349
40600 0.023473
40700 0.0254466
40800 0.0264756
40900 0.0255437
41000 0.0257628
41100 0.0276069
41200 0.024669
41300 0.0240816
41400 0.0260968
41500 0.0266901
41600 0.0259557
41700 0.0266848
41800 0.0260777
41900 0.0285623
42000 0.0258157
42100 0.026396
42200 0.028085
42300 0.0259615
42400 0.0264727
42500 0.0258119
42600 0.0274546
42700 0.0260646
42800 0.0264909
42900 0.0266294
43000 0.029007
43100 0.0276497
43200 0.0265198
43300 0.0283531
43400 0.0266978
43500 0.0326718
43600 0.0240246
43700 0.02542
43800 0.0254132
43900 0.0265968
44000 0.0251931
44100 0.025047
44200 0.0252725
44300 0.0257056
44400 0.0264859
44500 0.0265864
44600 0.0255283
44700 0.0249962
44800 0.0248405
44900 0.0260036
45000 0.0265102
45100 0.0261459
45200 0.0272804
45300 0.0289797
45400 0.0260124
45500 0.0266341
45600 0.02617
45700 0.0279217
45800 0.0282598
45900 0.0265886
46000 0.026044
46100 0.0282546
46200 0.0251736
46300 0.0274298
46400 0.0275615
46500 0.0268266
46600 0.0280641
46700 0.0330816
46800 0.0267865
46900 0.0265232
47000 0.0274773
47100 0.0280793
47200 0.0290342
47300 0.0286516
47400 0.0269548
47500 0.0274009
47600 0.0279059
47700 0.0272565
47800 0.0276106
47900 0.0280129
48000 0.0278217
48100 0.0298907
48200 0.0290297
48300 0.0311093
48400 0.0286612
48500 0.0293481
48600 0.0296373
48700 0.0291095
48800 0.0322117
48900 0.0330443
49000 0.032247
49100 0.030827
49200 0.0321666
49300 0.0320427
49400 0.0323818
49500 0.0314464
49600 0.0388845
49700 0.0315357
49800 0.0305939
49900 0.0299789
50000 0.0301134
50100 0.0295356
50200 0.0281424
50300 0.0316243
50400 0.0292722
50500 0.0284584
50600 0.0297503
50700 0.0308056
50800 0.0315162
50900 0.0310555
51000 0.0313264
51100 0.0304964
51200 0.0300764
51300 0.0309656
51400 0.0331561
51500 0.0329528
51600 0.0311099
51700 0.0329451
51800 0.0325963
51900 0.0329057
52000 0.0329589
52100 0.0334757
52200 0.0340616
52300 0.0362505
52400 0.0326525
52500 0.0329191
52600 0.032498
52700 0.0307714
52800 0.0322455
52900 0.0323037
53000 0.0322887
53100 0.0337439
53200 0.0323309
53300 0.0323744
53400 0.0320925
53500 0.0333101
53600 0.0368316
53700 0.0325385
53800 0.0332945
53900 0.033852
54000 0.0340357
54100 0.0342433
54200 0.0339664
54300 0.0338355
54400 0.0340169
54500 0.0332182
54600 0.0335208
54700 0.0313677
54800 0.0329027
54900 0.0327751
55000 0.0389081
55100 0.0324636
55200 0.0333859
55300 0.0342093
55400 0.0358944
55500 0.0344885
55600 0.0339583
55700 0.0328652
55800 0.0324981
55900 0.0336168
56000 0.0333933
56100 0.0324035
56200 0.0348321
56300 0.0328245
56400 0.0328577
56500 0.0337551
56600 0.0325666
56700 0.032858
56800 0.0347107
56900 0.0343871
57000 0.0341278
57100 0.0332401
57200 0.0351116
57300 0.0334459
57400 0.0360661
57500 0.036568
57600 0.0332943
57700 0.0421813
57800 0.0376254
57900 0.0379973
58000 0.0379923
58100 0.0381015
58200 0.0380748
58300 0.0387203
58400 0.037913
58500 0.0365323
58600 0.0374863
58700 0.0369921
58800 0.037804
58900 0.0395826
59000 0.0402564
59100 0.0368326
59200 0.0380558
59300 0.0396201
59400 0.0372821
59500 0.036927
59600 0.0385262
59700 0.0381821
59800 0.0380773
59900 0.0374385
60000 0.036901
60100 0.0378829
60200 0.0390202
60300 0.0393615
60400 0.0378375
60500 0.0384234
60600 0.0385436
60700 0.037325
60800 0.0382138
60900 0.0394976
61000 0.0502732
61100 0.0408038
61200 0.037123
61300 0.0384757
61400 0.036571
61500 0.0366898
61600 0.0353841
61700 0.0362247
61800 0.0375991
61900 0.0357506
62000 0.0364607
62100 0.0368652
62200 0.0366181
62300 0.0365587
62400 0.0377391
62500 0.0361012
62600 0.0369049
62700 0.0380118
62800 0.0385519
62900 0.0380054
63000 0.0383368
63100 0.038249
63200 0.0377822
63300 0.0384598
63400 0.0389382
63500 0.0391286
63600 0.0377708
63700 0.0389378
63800 0.0375021
63900 0.0380855
64000 0.03753
64100 0.0371485
64200 0.0404402
64300 0.0375518
64400 0.0380887
64500 0.0376294
64600 0.0377696
64700 0.0418769
64800 0.0378337
64900 0.0400347
65000 0.0377711
65100 0.0379951
65200 0.0376321
65300 0.0373081
65400 0.0390224
65500 0.0381872
65600 0.039676
65700 0.042964
65800 0.0402988
65900 0.0397664
66000 0.0396408
66100 0.0402088
66200 0.0396427
66300 0.0396928
66400 0.038618
66500 0.0396566
66600 0.0402794
66700 0.0391274
66800 0.0419545
66900 0.0422088
67000 0.0445957
67100 0.0434057
67200 0.0442467
67300 0.0449952
67400 0.0413227
67500 0.0428288
67600 0.0443735
67700 0.0432046
67800 0.0450134
67900 0.0482904
68000 0.0452393
68100 0.0473554
68200 0.0471266
68300 0.0530495
68400 0.0510198
68500 0.0428174
68600 0.0415892
68700 0.0440732
68800 0.0472983
68900 0.0503657
69000 0.0516101
69100 0.0526218
69200 0.0658379
69300 0.0597691
69400 0.0496554
69500 0.0469891
69600 0.0443233
69700 0.0466263
69800 0.047418
69900 0.0451673
70000 0.0443403
70100 0.0473977
70200 0.0455387
70300 0.0473404
70400 0.0423364
70500 0.046885
70600 0.0523766
70700 0.0526858
70800 0.0460271
70900 0.051311
71000 0.0496937
71100 0.0618218
71200 0.057532
71300 0.0641313
71400 0.0621012
71500 0.0511657
71600 0.0446842
71700 0.0979299
71800 0.0883269
71900 0.0744707
72000 0.0570609
72100 0.0610263
72200 0.0680878
72300 0.0719582
72400 0.0629754
72500 0.0605996
72600 0.0532706
72700 0.0543728
72800 0.0496989
72900 0.0529378
73000 0.0503006
73100 0.0500233
73200 0.0534569
73300 0.0519808
73400 0.0568388
73500 0.0470446
73600 0.0489867
73700 0.0485404
73800 0.0513093
73900 0.0528787
74000 0.0623637
74100 0.0566942
74200 0.0518207
74300 0.0481307
74400 0.0584087
74500 0.0523088
74600 0.0542775
74700 0.0526157
74800 0.051535
74900 0.0536158
75000 0.0445849
75100 0.0560071
75200 0.0652371
75300 0.0596334
75400 0.0694029
75500 0.0705269
75600 0.0805407
75700 0.0831411
75800 0.0763214
75900 0.0501081
76000 0.0499978
76100 0.0487893
76200 0.048384
76300 0.0466999
76400 0.04612
76500 0.0475894
76600 0.0511482
76700 0.0587503
76800 0.0508501
76900 0.0478614
77000 0.0490889
77100 0.0481366
77200 0.053302
77300 0.0499999
77400 0.0478047
77500 0.0479119
77600 0.0478067
77700 0.0454064
77800 0.048298
77900 0.048114
78000 0.0485306
78100 0.0509068
78200 0.0499595
78300 0.0505273
78400 0.0514514
78500 0.0488651
78600 0.0502152
78700 0.0484355
78800 0.0501927
78900 0.0510506
79000 0.0502161
79100 0.0591617
79200 0.0550106
79300 0.0537481
79400 0.0537934
79500 0.0531325
79600 0.0531432
79700 0.0545855
79800 0.05028
79900 0.0496999
80000 0.0538737
80100 0.0638195
80200 0.085178
80300 0.0727691
80400 0.0537009
80500 0.0518293
80600 0.0511382
80700 0.0613683
80800 0.0700255
80900 0.0506359
81000 0.0500966
81100 0.0496164
81200 0.0513605
81300 0.0518444
81400 0.0510655
81500 0.050198
81600 0.0503648
81700 0.0501358
81800 0.049164
81900 0.0497604
82000 0.0535631
82100 0.0514278
82200 0.0514113
82300 0.0496781
82400 0.0486927
82500 0.0560385
82600 0.0554252
82700 0.0552492
82800 0.0552623
82900 0.0538607
83000 0.0544044
83100 0.0551647
83200 0.0540624
83300 0.0527383
83400 0.0532677
83500 0.0577106
83600 0.0566461
83700 0.0530593
83800 0.0592615
83900 0.0569088
84000 0.0556629
84100 0.0585962
84200 0.0627922
84300 0.0600601
84400 0.0573384
84500 0.0576082
84600 0.0550676
84700 0.0567485
84800 0.057626
84900 0.0553405
85000 0.0572748
85100 0.0600979
85200 0.056026
85300 0.0556081
85400 0.0568058
85500 0.056614
85600 0.058134
85700 0.0589498
85800 0.0595322
85900 0.0539379
86000 0.0532188
86100 0.0537034
86200 0.0549018
86300 0.0554027
86400 0.0563129
86500 0.0592484
86600 0.0549256
86700 0.0567715
86800 0.0559553
86900 0.0532666
87000 0.0553652
87100 0.056815
87200 0.0589824
87300 0.0577325
87400 0.0562438
87500 0.0545302
87600 0.0585341
87700 0.0544479
87800 0.0567065
87900 0.0540322
88000 0.0582817
88100 0.0538562
88200 0.058205
88300 0.0573582
88400 0.056177
88500 0.0601152
88600 0.0631225
88700 0.0622993
88800 0.0649428
88900 0.0610113
89000 0.0568753
89100 0.0587078
89200 0.0685204
89300 0.0586416
89400 0.0571755
89500 0.0566865
89600 0.0580197
89700 0.0533835
89800 0.0561958
89900 0.0545941
90000 0.0565014
90100 0.0568215
90200 0.0565016
90300 0.0554288
90400 0.0592808
90500 0.0562124
90600 0.0582391
90700 0.0668275
90800 0.0581371
90900 0.0564255
91000 0.0569819
91100 0.0561195
91200 0.0764436
91300 0.0635812
91400 0.0695006
91500 0.0625614
91600 0.0606585
91700 0.0609627
91800 0.0633305
91900 0.0618474
92000 0.0663515
92100 0.0588047
92200 0.0606387
92300 0.0580883
92400 0.055556
92500 0.058074
92600 0.0564269
92700 0.0607275
92800 0.0579588
92900 0.0577854
93000 0.0582737
93100 0.0576757
93200 0.0563668
93300 0.057302
93400 0.0575592
93500 0.0557874
93600 0.0586904
93700 0.0593797
93800 0.0662389
93900 0.0589133
94000 0.0589455
94100 0.0589079
94200 0.0609688
94300 0.0587658
94400 0.0585992
94500 0.0603617
94600 0.0601723
94700 0.0619226
94800 0.0592313
94900 0.0608354
95000 0.0615847
95100 0.0601909
95200 0.063681
95300 0.0609153
95400 0.0679475
95500 0.0613521
95600 0.0611878
95700 0.0614125
95800 0.0635307
95900 0.0611702
96000 0.0615817
96100 0.060847
96200 0.0598194
96300 0.0605742
96400 0.0616111
96500 0.0745049
96600 0.0614146
96700 0.0622435
96800 0.0676342
96900 0.0634515
97000 0.0629483
97100 0.0839471
97200 0.0696534
97300 0.0666115
97400 0.0633086
97500 0.0607647
97600 0.0601323
97700 0.0611409
97800 0.0667341
97900 0.0635745
98000 0.0614862
98100 0.0651075
98200 0.0643483
98300 0.0757409
98400 0.0628515
98500 0.0606438
98600 0.0646392
98700 0.0637768
98800 0.0628866
98900 0.0640487
99000 0.0621059
99100 0.0652232
99200 0.0652586
99300 0.0621504
99400 0.0672834
99500 0.0633262
99600 0.061243
99700 0.0630563
99800 0.060536
99900 0.0625706
100000 0.0624691
100100 0.0648382
100200 0.0634363
100300 0.0678116
100400 0.0680643
100500 0.0662153
100600 0.0643244
100700 0.0627154
100800 0.0612173
100900 0.0612026
101000 0.0617098
101100 0.06284
101200 0.0640272
101300 0.0640229
101400 0.065952
101500 0.0641525
101600 0.0684961
101700 0.0660876
101800 0.0636062
101900 0.062823
102000 0.061713
102100 0.0619121
102200 0.062145
102300 0.06643
102400 0.0651838
102500 0.0646366
102600 0.066909
102700 0.0652113
102800 0.0634395
102900 0.065205
103000 0.0672319
103100 0.0683469
103200 0.0741966
103300 0.0846638
103400 0.0762241
103500 0.0923094
103600 0.104581
103700 0.071908
103800 0.090199
103900 0.0761145
104000 0.0874795
104100 0.0894254
104200 0.0759768
104300 0.0675685
104400 0.0919906
104500 0.0713477
104600 0.0761192
104700 0.0656142
104800 0.0667247
104900 0.0666306
105000 0.0640695
105100 0.0681973
105200 0.065329
105300 0.0631857
105400 0.0692531
105500 0.0695859
105600 0.0746527
105700 0.0717888
105800 0.065682
105900 0.0682291
106000 0.0655813
106100 0.0677403
106200 0.0675103
106300 0.0662846
106400 0.0683901
106500 0.065506
106600 0.0677211
106700 0.0692893
106800 0.0686573
106900 0.0672524
107000 0.0679584
107100 0.0676881
107200 0.0680906
107300 0.0673176
107400 0.0660104
107500 0.0683935
107600 0.0667899
107700 0.0664967
107800 0.0675873
107900 0.0682294
108000 0.0720831
108100 0.0925434
108200 0.0957475
108300 0.0796581
108400 0.0818833
108500 0.0727238
108600 0.0752177
108700 0.0725895
108800 0.0724376
108900 0.0723431
109000 0.0710034
109100 0.0739479
109200 0.0757747
109300 0.0759443
109400 0.0724415
109500 0.0719146
109600 0.0712654
109700 0.0709957
109800 0.0703992
109900 0.0759796
110000 0.0730051
110100 0.0721331
110200 0.0726862
110300 0.0724705
110400 0.0799514
110500 0.0724312
110600 0.0740114
110700 0.0753712
110800 0.0764473
110900 0.0710879
111000 0.0703236
111100 0.0772683
111200 0.0717463
111300 0.0745616
111400 0.0744752
111500 0.0749025
111600 0.0719434
111700 0.0712681
111800 0.0708508
111900 0.0727748
112000 0.077725
112100 0.0728434
112200 0.0712981
112300 0.0777847
112400 0.0738372
112500 0.0735578
112600 0.075434
112700 0.0713565
112800 0.0736412
112900 0.0724143
113000 0.0760779
113100 0.0725312
113200 0.0734135
113300 0.0736015
113400 0.0745207
113500 0.0741434
113600 0.0742809
113700 0.0775493
113800 0.0743076
113900 0.0734707
114000 0.076768
114100 0.0735069
114200 0.0748783
114300 0.0750945
114400 0.0753383
114500 0.0740531
114600 0.0788106
114700 0.0743077
114800 0.0745391
114900 0.0769657
115000 0.0734067
115100 0.0759772
115200 0.0802842
115300 0.0777655
115400 0.077313
115500 0.0754187
115600 0.0771244
115700 0.0747194
115800 0.0753909
115900 0.0735139
116000 0.0704119
116100 0.0728491
116200 0.0711027
116300 0.0716012
116400 0.07437
116500 0.0717784
116600 0.0758473
116700 0.0724752
116800 0.0718983
116900 0.0768129
117000 0.0805897
117100 0.0718632
117200 0.0739852
117300 0.0766607
117400 0.073502
117500 0.0774112
117600 0.0751796
117700 0.0767397
117800 0.0747817
117900 0.0741862
118000 0.0799735
118100 0.0867805
118200 0.0822544
118300 0.0836808
118400 0.0830146
118500 0.0770197
118600 0.0792215
118700 0.0848774
118800 0.0795163
118900 0.0750022
119000 0.0792338
119100 0.0738248
119200 0.075524
119300 0.0737091
119400 0.07383
119500 0.0791478
119600 0.0738603
119700 0.0738173
119800 0.0749012
119900 0.0750995
120000 0.0864909
120100 0.0768716
120200 0.0749572
120300 0.0727268
120400 0.07545
120500 0.0750707
120600 0.073743
120700 0.0735239
120800 0.0767758
120900 0.0739354
121000 0.0746677
121100 0.0744847
121200 0.0759759
121300 0.0739408
121400 0.0766856
121500 0.0795506
121600 0.077874
121700 0.0773113
121800 0.0769297
121900 0.0787452
122000 0.0877567
122100 0.0780999
122200 0.0776393
122300 0.0763563
122400 0.0769791
122500 0.075389
122600 0.0796857
122700 0.0756512
122800 0.0771984
122900 0.0800024
123000 0.0788369
123100 0.0745838
123200 0.0873731
123300 0.0811723
123400 0.0805142
123500 0.0847011
123600 0.0789795
123700 0.0805324
123800 0.0772304
123900 0.078875
124000 0.0769228
124100 0.077
124200 0.0770304
124300 0.0785482
124400 0.0838783
124500 0.0825499
124600 0.0798367
124700 0.0795414
124800 0.0797875
124900 0.0808282
125000 0.0818403
125100 0.0819382
125200 0.0800554
125300 0.079695
125400 0.0802712
125500 0.0779257
125600 0.086285
125700 0.0821273
125800 0.0765122
125900 0.0807527
126000 0.0822521
126100 0.0774516
126200 0.0763488
126300 0.0793855
126400 0.0825629
126500 0.0764881
126600 0.07704
126700 0.0779565
126800 0.0803079
126900 0.0800678
127000 0.0794945
127100 0.0798468
127200 0.0985976
127300 0.0865886
127400 0.0859212
127500 0.0807433
127600 0.0811091
127700 0.0802957
127800 0.0781077
127900 0.0798093
128000 0.092764
128100 0.079161
128200 0.0795933
128300 0.0853302
128400 0.123041
128500 0.0881755
128600 0.0821873
128700 0.0799586
128800 0.0870142
128900 0.0833957
129000 0.102262
129100 0.0836731
129200 0.0855043
129300 0.083488
129400 0.0828507
129500 0.0849443
129600 0.0829108
129700 0.0847013
129800 0.0822737
129900 0.0837796
130000 0.08465
130100 0.0817763
130200 0.08369
130300 0.0815831
130400 0.0814787
130500 0.0830535
130600 0.0826073
130700 0.0824362
130800 0.0810227
130900 0.0819053
131000 0.08025
131100 0.0840325
131200 0.0866382
131300 0.0866197
131400 0.0828646
131500 0.0827919
131600 0.0867734
131700 0.0851537
131800 0.0859689
131900 0.0880617
132000 0.0860726
132100 0.084542
132200 0.0837997
132300 0.0865036
132400 0.087799
132500 0.0847719
132600 0.0887513
132700 0.0842112
132800 0.0850508
132900 0.0858356
133000 0.0860044
133100 0.083927
133200 0.0870694
133300 0.0843467
133400 0.0848816
133500 0.082892
133600 0.0895487
133700 0.0865861
133800 0.0858478
133900 0.0854172
134000 0.085431
134100 0.086025
134200 0.0855351
134300 0.0847603
134400 0.0872878
134500 0.0834156
134600 0.0892758
134700 0.0943476
134800 0.0869842
134900 0.0886755
135000 0.0915608
135100 0.0851627
135200 0.0845965
135300 0.0854808
135400 0.0898373
135500 0.0864664
135600 0.0880829
135700 0.0912426
135800 0.0852494
135900 0.0899055
136000 0.0881642
136100 0.0866027
136200 0.0875967
136300 0.0967462
136400 0.095461
136500 0.090694
136600 0.086679
136700 0.0898381
136800 0.0888752
136900 0.0936268
137000 0.0906168
137100 0.0928459
137200 0.0890074
137300 0.0913804
137400 0.0942814
137500 0.0885679
137600 0.0878216
137700 0.0978908
137800 0.106238
137900 0.0937522
138000 0.087388
138100 0.094429
138200 0.0931412
138300 0.0868005
138400 0.0912143
138500 0.0912033
138600 0.0891442
138700 0.0896765
138800 0.0884342
138900 0.0903493
139000 0.0858965
139100 0.090363
139200 0.090331
139300 0.0856434
139400 0.0863293
139500 0.0896623
139600 0.0937146
139700 0.0903926
139800 0.0892476
139900 0.0865081
140000 0.0884532
140100 0.0885759
140200 0.0899911
140300 0.0867451
140400 0.0910396
140500 0.0890703
140600 0.089933
140700 0.097361
140800 0.0917068
140900 0.0931239
141000 0.0933172
141100 0.0944995
141200 0.0900457
141300 0.0893453
141400 0.0928934
141500 0.0915061
141600 0.0939001
141700 0.0952023
141800 0.0957639
141900 0.0922305
142000 0.0937284
142100 0.0953785
142200 0.0943774
142300 0.0939399
142400 0.0903447
142500 0.0963066
142600 0.0948849
142700 0.092413
142800 0.0904167
142900 0.0954313
143000 0.0943271
143100 0.0914
143200 0.0909361
143300 0.0898148
143400 0.0919266
143500 0.0912727
143600 0.0903168
143700 0.093796
143800 0.0959168
143900 0.0957486
144000 0.0949115
144100 0.098911
144200 0.104184
144300 0.0939016
144400 0.0973771
144500 0.104187
144600 0.0972735
144700 0.0957886
144800 0.0942621
144900 0.0913578
145000 0.092597
145100 0.0957998
145200 0.0925992
145300 0.0903231
145400 0.0922646
145500 0.116425
145600 0.110704
145700 0.102202
145800 0.0958355
145900 0.0961888
146000 0.0927769
146100 0.0966367
146200 0.095305
146300 0.0928882
146400 0.0957494
146500 0.0961751
146600 0.0925504
146700 0.0930601
146800 0.0939821
146900 0.08995
147000 0.0961664
147100 0.0937581
147200 0.0920791
147300 0.0898225
147400 0.0911946
147500 0.0983914
147600 0.0917106
147700 0.0933923
147800 0.0947288
147900 0.0907136
148000 0.0945088
148100 0.0923842
148200 0.0922137
148300 0.0933361
148400 0.0918652
148500 0.0929785
148600 0.0930529
148700 0.102679
148800 0.0916252
148900 0.0957073
149000 0.0935295
149100 0.0977674
149200 0.0945086
149300 0.0911585
149400 0.0997228
149500 0.098267
149600 0.0959188
149700 0.0930396
149800 0.0976171
149900 0.0943955
150000 0.0963435
150100 0.0926639
150200 0.0970494
150300 0.0940599
150400 0.0970462
150500 0.11766
150600 0.107889
150700 0.0960056
150800 0.0942377
150900 0.101336
151000 0.100286
151100 0.104625
151200 0.096005
151300 0.0939036
151400 0.0974813
151500 0.0937241
151600 0.0965591
151700 0.0987489
151800 0.0968791
151900 0.0941431
152000 0.0980563
152100 0.0969844
152200 0.0960914
152300 0.0975128
152400 0.0954104
152500 0.094115
152600 0.0958514
152700 0.0995449
152800 0.0948339
152900 0.0931225
153000 0.0973907
153100 0.0968505
153200 0.100529
153300 0.0976741
153400 0.0968328
153500 0.0964088
153600 0.101411
153700 0.103653
153800 0.098775
153900 0.100103
154000 0.107233
154100 0.109194
154200 0.100717
154300 0.1104
154400 0.108012
154500 0.102567
154600 0.0990461
154700 0.100898
154800 0.113607
154900 0.117889
155000 0.112127
155100 0.102325
155200 0.102581
155300 0.137297
155400 0.111338
155500 0.10281
155600 0.103106
155700 0.110642
155800 0.13603
155900 0.109058
156000 0.108723
156100 0.126618
156200 0.103473
156300 0.105445
156400 0.103468
156500 0.102453
156600 0.100577
156700 0.102043
156800 0.102082
156900 0.10325
157000 0.104628
157100 0.101066
157200 0.101135
157300 0.101537
157400 0.10547
157500 0.101404
157600 0.102047
157700 0.103846
157800 0.102013
157900 0.112339
158000 0.104161
158100 0.102661
158200 0.119057
158300 0.135257
158400 0.128151
158500 0.121406
158600 0.11851
158700 0.115835
158800 0.127604
158900 0.123647
159000 0.126697
159100 0.124605
159200 0.12509
159300 0.107852
159400 0.106899
159500 0.121545
159600 0.107406
159700 0.111974
159800 0.108205
159900 0.107488
160000 0.111173
160100 0.107285
160200 0.106178
160300 0.107893
160400 0.12814
160500 0.119231
160600 0.116757
160700 0.106603
160800 0.112055
160900 0.108308
161000 0.111147
161100 0.108773
161200 0.114259
161300 0.116008
161400 0.113371
161500 0.106968
161600 0.103032
161700 0.110474
161800 0.114971
161900 0.108805
162000 0.108276
162100 0.123225
162200 0.11975
162300 0.11888
162400 0.116155
162500 0.112773
162600 0.126002
162700 0.129649
162800 0.107977
162900 0.119359
163000 0.114503
163100 0.119579
163200 0.112421
163300 0.123059
163400 0.112991
163500 0.114798
163600 0.152619
163700 0.132859
163800 0.12508
163900 0.115328
164000 0.113615
164100 0.109569
164200 0.107874
164300 0.108958
164400 0.104855
164500 0.111398
164600 0.109393
164700 0.123279
164800 0.115963
164900 0.114703
165000 0.12508
165100 0.109609
165200 0.119352
165300 0.10711
165400 0.108744
165500 0.105634
165600 0.104479
165700 0.112463
165800 0.106591
165900 0.117706
166000 0.107265
166100 0.108676
166200 0.109032
166300 0.110502
166400 0.117491
166500 0.111714
166600 0.110384
166700 0.115783
166800 0.115997
166900 0.110811
167000 0.107872
167100 0.106737
167200 0.108539
167300 0.108474
167400 0.110773
167500 0.10896
167600 0.109441
167700 0.112346
167800 0.106111
167900 0.111476
168000 0.108063
168100 0.11262
168200 0.111313
168300 0.109099
168400 0.111122
168500 0.111864
168600 0.109272
168700 0.108728
168800 0.11456
168900 0.109015
169000 0.111108
169100 0.111489
169200 0.109308
169300 0.109616
169400 0.114209
169500 0.110215
169600 0.111922
169700 0.111562
169800 0.120031
169900 0.11522
170000 0.114516
170100 0.11492
170200 0.115125
170300 0.114006
170400 0.112411
170500 0.108805
170600 0.108406
170700 0.109761
170800 0.129624
170900 0.110124
171000 0.112904
171100 0.107686
171200 0.112882
171300 0.115678
171400 0.112709
171500 0.109784
171600 0.111485
171700 0.111828
171800 0.116537
171900 0.112291
172000 0.115661
172100 0.116042
172200 0.114879
172300 0.111168
172400 0.109864
172500 0.113582
172600 0.123079
172700 0.135291
172800 0.123745
172900 0.113817
173000 0.110559
173100 0.109664
173200 0.115822
173300 0.108011
173400 0.106565
173500 0.109938
173600 0.1094
173700 0.110849
173800 0.113075
173900 0.121504
174000 0.113037
174100 0.115581
174200 0.11401
174300 0.114136
174400 0.116446
174500 0.112744
174600 0.116607
174700 0.111074
174800 0.113649
174900 0.113492
175000 0.111457
175100 0.111118
175200 0.118013
175300 0.115323
175400 0.125342
175500 0.107947
175600 0.113469
175700 0.110595
175800 0.112919
175900 0.113503
176000 0.113903
176100 0.111246
176200 0.118464
176300 0.116058
176400 0.11384
176500 0.116588
176600 0.111536
176700 0.114405
176800 0.115718
176900 0.11718
177000 0.11386
177100 0.114399
177200 0.117578
177300 0.111716
177400 0.130215
177500 0.137334
177600 0.123322
177700 0.115579
177800 0.131527
177900 0.128938
178000 0.118368
178100 0.115815
178200 0.119421
178300 0.118743
178400 0.118268
178500 0.115764
178600 0.119354
178700 0.115717
178800 0.120909
178900 0.119827
179000 0.115526
179100 0.113581
179200 0.113119
179300 0.120404
179400 0.115294
179500 0.119744
179600 0.123385
179700 0.116179
179800 0.117665
179900 0.120477
180000 0.118137
180100 0.116562
180200 0.118306
180300 0.121089
180400 0.1164
180500 0.115739
180600 0.117151
180700 0.132116
180800 0.16499
180900 0.135968
181000 0.135643
181100 0.126421
181200 0.117758
181300 0.11873
181400 0.120685
181500 0.118787
181600 0.120071
181700 0.117734
181800 0.11417
181900 0.119817
182000 0.115586
182100 0.118928
182200 0.116284
182300 0.114255
182400 0.11943
182500 0.113928
182600 0.122524
182700 0.116651
182800 0.114012
182900 0.114409
183000 0.117923
183100 0.112165
183200 0.118321
183300 0.114486
183400 0.11578
183500 0.115766
183600 0.117999
183700 0.113706
183800 0.122513
183900 0.116033
184000 0.114644
184100 0.113751
184200 0.114126
184300 0.120408
184400 0.118885
184500 0.117278
184600 0.115041
184700 0.116632
184800 0.115367
184900 0.124005
185000 0.118841
185100 0.117304
185200 0.116733
185300 0.118079
185400 0.117362
185500 0.121315
185600 0.126388
185700 0.117405
185800 0.122915
185900 0.116486
186000 0.122385
186100 0.119566
186200 0.116409
186300 0.120432
186400 0.11731
186500 0.116836
186600 0.117721
186700 0.115095
186800 0.119049
186900 0.115572
187000 0.125308
187100 0.120591
187200 0.121354
187300 0.117805
187400 0.129313
187500 0.117243
187600 0.120558
187700 0.115491
187800 0.114313
187900 0.121427
188000 0.116953
188100 0.121831
188200 0.117671
188300 0.118803
188400 0.118038
188500 0.118921
188600 0.118153
188700 0.12137
188800 0.118226
188900 0.123076
189000 0.132274
189100 0.125382
189200 0.124197
189300 0.127315
189400 0.12941
189500 0.133072
189600 0.121259
189700 0.124178
189800 0.125608
189900 0.124423
190000 0.129391
190100 0.128013
190200 0.121377
190300 0.121372
190400 0.125255
190500 0.122819
190600 0.124102
190700 0.124231
190800 0.125055
190900 0.127346
191000 0.130194
191100 0.125486
191200 0.127038
191300 0.126333
191400 0.127098
191500 0.122861
191600 0.132907
191700 0.133024
191800 0.121685
191900 0.119049
192000 0.119872
192100 0.12446
192200 0.122992
192300 0.125704
192400 0.12782
192500 0.126398
192600 0.12179
192700 0.123341
192800 0.129663
192900 0.124024
193000 0.131248
193100 0.128054
193200 0.12859
193300 0.124492
193400 0.123079
193500 0.126454
193600 0.124327
193700 0.124
193800 0.133799
193900 0.130697
194000 0.133
194100 0.14594
194200 0.138953
194300 0.129882
194400 0.131877
194500 0.122088
194600 0.130762
194700 0.126092
194800 0.126
194900 0.126562
195000 0.127047
195100 0.132235
195200 0.134785
195300 0.141173
195400 0.143835
195500 0.128691
195600 0.128867
195700 0.124881
195800 0.126385
195900 0.140718
196000 0.123515
196100 0.130983
196200 0.123249
196300 0.125092
196400 0.126378
196500 0.126966
196600 0.127961
196700 0.133015
196800 0.125283
196900 0.128188
197000 0.130736
197100 0.123771
197200 0.122687
197300 0.125829
197400 0.128518
197500 0.12445
197600 0.130654
197700 0.139765
197800 0.122587
197900 0.125493
198000 0.122686
198100 0.129465
198200 0.128227
198300 0.123496
198400 0.125402
198500 0.129192
198600 0.132824
198700 0.125875
198800 0.130238
198900 0.132104
199000 0.132668
199100 0.12807
199200 0.131355
199300 0.129966
199400 0.130358
199500 0.128904
199600 0.131283
199700 0.129484
199800 0.133281
199900 0.13204
200000 0.130713
200100 0.12713
200200 0.136725
200300 0.128386
200400 0.130919
200500 0.133991
200600 0.128891
200700 0.132462
200800 0.134154
200900 0.146341
201000 0.13273
201100 0.134965
201200 0.128909
201300 0.13435
201400 0.127724
201500 0.13701
201600 0.128252
201700 0.126337
201800 0.127503
201900 0.134315
202000 0.12844
202100 0.131805
202200 0.130576
202300 0.128461
202400 0.132937
202500 0.129531
202600 0.126326
202700 0.125664
202800 0.129012
202900 0.130573
203000 0.125828
203100 0.133188
203200 0.127301
203300 0.133888
203400 0.132301
203500 0.143717
203600 0.147769
203700 0.141329
203800 0.13571
203900 0.129552
204000 0.131167
204100 0.129342
204200 0.130787
204300 0.127085
204400 0.133698
204500 0.130604
204600 0.129622
204700 0.131705
204800 0.134673
204900 0.145224
205000 0.128678
205100 0.133531
205200 0.132038
205300 0.13804
205400 0.127635
205500 0.129321
205600 0.133529
205700 0.135714
205800 0.142526
205900 0.136239
206000 0.150225
206100 0.158193
206200 0.13576
206300 0.13594
206400 0.138387
206500 0.142739
206600 0.140936
206700 0.167936
206800 0.164193
206900 0.150613
207000 0.130363
207100 0.155504
207200 0.152083
207300 0.137423
207400 0.136989
207500 0.139107
207600 0.137882
207700 0.134312
207800 0.160359
207900 0.201168
208000 0.168918
208100 0.151377
208200 0.138324
208300 0.138921
208400 0.14186
208500 0.141293
208600 0.159597
208700 0.138499
208800 0.152385
208900 0.18151
209000 0.170423
209100 0.158973
209200 0.163085
209300 0.178271
209400 0.186492
209500 0.188373
209600 0.166059
209700 0.14571
209800 0.164275
209900 0.16045
210000 0.161872
210100 0.14121
210200 0.17505
210300 0.158382
210400 0.153959
210500 0.143112
210600 0.143787
210700 0.152028
210800 0.224749
210900 0.168194
211000 0.140135
211100 0.13753
211200 0.143029
211300 0.138539
211400 0.138586
211500 0.13579
211600 0.13307
211700 0.134029
211800 0.134396
211900 0.139897
212000 0.147835
212100 0.135271
212200 0.140183
212300 0.135939
212400 0.134053
212500 0.135288
212600 0.138829
212700 0.131768
212800 0.135393
212900 0.13326
213000 0.138169
213100 0.137758
213200 0.135284
213300 0.14003
213400 0.133659
213500 0.132251
213600 0.139057
213700 0.136429
213800 0.136153
213900 0.133385
214000 0.134769
214100 0.13792
214200 0.132201
214300 0.136505
214400 0.138483
214500 0.13721
214600 0.139404
214700 0.147312
214800 0.133943
214900 0.139683
215000 0.138708
215100 0.133084
215200 0.140245
215300 0.139756
215400 0.137742
215500 0.133954
215600 0.142568
215700 0.141827
215800 0.135475
215900 0.135193
216000 0.137315
216100 0.135287
216200 0.137901
216300 0.136492
216400 0.137585
216500 0.137696
216600 0.150427
216700 0.142977
216800 0.14408
216900 0.138534
217000 0.142321
217100 0.140222
217200 0.141133
217300 0.14322
217400 0.140404
217500 0.153052
217600 0.140785
217700 0.135179
217800 0.135999
217900 0.135856
218000 0.141118
218100 0.137415
218200 0.13668
218300 0.138559
218400 0.142559
218500 0.137536
218600 0.139771
218700 0.140497
218800 0.142144
218900 0.143656
219000 0.143731
219100 0.142908
219200 0.148963
219300 0.156734
219400 0.144206
219500 0.140409
219600 0.137288
219700 0.141448
219800 0.142302
219900 0.143172
220000 0.140733
220100 0.140911
220200 0.140532
220300 0.140854
220400 0.135418
220500 0.142754
220600 0.139384
220700 0.13991
220800 0.141209
220900 0.141479
221000 0.138059
221100 0.139874
221200 0.138324
221300 0.146891
221400 0.136188
221500 0.137417
221600 0.141939
221700 0.144428
221800 0.140371
221900 0.141053
222000 0.142655
222100 0.170911
222200 0.150416
222300 0.140929
222400 0.13971
222500 0.143744
222600 0.145141
222700 0.14675
222800 0.144025
222900 0.140907
223000 0.14344
223100 0.146951
223200 0.141384
223300 0.142825
223400 0.143848
223500 0.144479
223600 0.144709
223700 0.141247
223800 0.14114
223900 0.143592
224000 0.140493
224100 0.144718
224200 0.138502
224300 0.14534
224400 0.141964
224500 0.141069
224600 0.150472
224700 0.139682
224800 0.140726
224900 0.153897
225000 0.146729
225100 0.157405
225200 0.154712
225300 0.153815
225400 0.14755
225500 0.151288
225600 0.152765
225700 0.146136
225800 0.177662
225900 0.158387
226000 0.162547
226100 0.150714
226200 0.144312
226300 0.145505
226400 0.144755
226500 0.148277
226600 0.141709
226700 0.144243
226800 0.145282
226900 0.145244
227000 0.143633
227100 0.147843
227200 0.148373
227300 0.168907
227400 0.170043
227500 0.15899
227600 0.158727
227700 0.154364
227800 0.152061
227900 0.166201
228000 0.155984
228100 0.230297
228200 0.316175
228300 0.226641
228400 0.22957
228500 0.214758
228600 0.187905
228700 0.205573
228800 0.259954
228900 0.173481
229000 0.239016
229100 0.209273
229200 0.208339
229300 0.206743
229400 0.220963
229500 0.178668
229600 0.170478
229700 0.178017
229800 0.202911
229900 0.278408
230000 0.276194
230100 0.352398
230200 0.227776
230300 0.212787
230400 0.207848
230500 0.198573
230600 0.210848
230700 0.164172
230800 0.15255
230900 0.144916
231000 0.144578
231100 0.144265
231200 0.153128
231300 0.158361
231400 0.151125
231500 0.156106
231600 0.149199
231700 0.143357
231800 0.147453
231900 0.14473
232000 0.147629
232100 0.153765
232200 0.149924
232300 0.144754
232400 0.14672
232500 0.150389
232600 0.14762
232700 0.143818
232800 0.149917
232900 0.146941
233000 0.145269
233100 0.151964
233200 0.143883
233300 0.151176
233400 0.145363
233500 0.14709
233600 0.15265
233700 0.149284
233800 0.145097
233900 0.147025
234000 0.145266
234100 0.146418
234200 0.148894
234300 0.149946
234400 0.143924
234500 0.147402
234600 0.146752
234700 0.157009
234800 0.15356
234900 0.148755
235000 0.155786
235100 0.163176
235200 0.147681
235300 0.158418
235400 0.150668
235500 0.14846
235600 0.147471
235700 0.155427
235800 0.146196
235900 0.148266
236000 0.14925
236100 0.144019
236200 0.149062
236300 0.152113
236400 0.146357
236500 0.155363
236600 0.146455
236700 0.153394
236800 0.15076
236900 0.147527
237000 0.156344
237100 0.147472
237200 0.148602
237300 0.145592
237400 0.153255
237500 0.152459
237600 0.146662
237700 0.156605
237800 0.150467
237900 0.15153
238000 0.155188
238100 0.156354
238200 0.155756
238300 0.15917
238400 0.157545
238500 0.148694
238600 0.150511
238700 0.151463
238800 0.150056
238900 0.162505
239000 0.151766
239100 0.15057
239200 0.148517
239300 0.150591
239400 0.155302
239500 0.155736
239600 0.15808
239700 0.149926
239800 0.155892
239900 0.150846
240000 0.152655
240100 0.149256
240200 0.152404
240300 0.156703
240400 0.150535
240500 0.160128
240600 0.154489
240700 0.147761
240800 0.148486
240900 0.148359
241000 0.150592
241100 0.151411
241200 0.155604
241300 0.152065
241400 0.152089
241500 0.154773
241600 0.154668
241700 0.156511
241800 0.149576
241900 0.158818
242000 0.154196
242100 0.156491
242200 0.152485
242300 0.149748
242400 0.156985
242500 0.161336
242600 0.155193
242700 0.154898
242800 0.150495
242900 0.15651
243000 0.158423
243100 0.152589
243200 0.154799
243300 0.155661
243400 0.156272
243500 0.159933
243600 0.152197
243700 0.152697
243800 0.15457
243900 0.154493
244000 0.158397
244100 0.161004
244200 0.156547
244300 0.156998
244400 0.162717
244500 0.160588
244600 0.149881
244700 0.155906
244800 0.155239
244900 0.153662
245000 0.167082
245100 0.155157
245200 0.156615
245300 0.154814
245400 0.155672
245500 0.152078
245600 0.158464
245700 0.156159
245800 0.155456
245900 0.153389
246000 0.152569
246100 0.154084
246200 0.161572
246300 0.163159
246400 0.167985
246500 0.150504
246600 0.155446
246700 0.154824
246800 0.15571
246900 0.150428
247000 0.154039
247100 0.153511
247200 0.157178
247300 0.155577
247400 0.155704
247500 0.150187
247600 0.150401
247700 0.157573
247800 0.157175
247900 0.159545
248000 0.159652
248100 0.154902
248200 0.155515
248300 0.156053
248400 0.155988
248500 0.155421
248600 0.151471
248700 0.157687
248800 0.157271
248900 0.157254
249000 0.157506
249100 0.156628
249200 0.159102
249300 0.168244
249400 0.156557
249500 0.158865
249600 0.168981
249700 0.156189
249800 0.161162
249900 0.158243
250000 0.156138
250100 0.158827
250200 0.156577
250300 0.155683
250400 0.155855
250500 0.154943
250600 0.16166
250700 0.157365
250800 0.165226
250900 0.154979
251000 0.158736
251100 0.158239
251200 0.162172
251300 0.157807
251400 0.158247
251500 0.167215
251600 0.15916
251700 0.156397
251800 0.158606
251900 0.159744
252000 0.155718
252100 0.157884
252200 0.159667
252300 0.170044
252400 0.163395
252500 0.158422
252600 0.166196
252700 0.161244
252800 0.162041
252900 0.164589
253000 0.179332
253100 0.16514
253200 0.166099
253300 0.162086
253400 0.162942
253500 0.161505
253600 0.167086
253700 0.161234
253800 0.159342
253900 0.157505
254000 0.165194
254100 0.159422
254200 0.160916
254300 0.158503
254400 0.165803
254500 0.163401
254600 0.163441
254700 0.165197
254800 0.170678
254900 0.166042
255000 0.167465
255100 0.158955
255200 0.168449
255300 0.169702
255400 0.162048
255500 0.168558
255600 0.159349
255700 0.163139
255800 0.164952
255900 0.158651
256000 0.165858
256100 0.161141
256200 0.160706
256300 0.158603
256400 0.167381
256500 0.162553
256600 0.162993
256700 0.165932
256800 0.159386
256900 0.161869
257000 0.188738
257100 0.159647
257200 0.166898
257300 0.162196
257400 0.172679
257500 0.157855
257600 0.15965
257700 0.161091
257800 0.17116
257900 0.169116
258000 0.16445
258100 0.166507
258200 0.164717
258300 0.172075
258400 0.162418
258500 0.167274
258600 0.16133
258700 0.162591
258800 0.162539
258900 0.167868
259000 0.163978
259100 0.167174
259200 0.168605
259300 0.160576
259400 0.165704
259500 0.159685
259600 0.166031
259700 0.167
259800 0.162416
259900 0.164511
260000 0.164094
260100 0.1682
260200 0.166161
260300 0.165413
260400 0.19292
260500 0.167083
260600 0.167891
260700 0.173526
260800 0.165824
260900 0.169471
261000 0.169784
261100 0.182999
261200 0.169612
261300 0.161554
261400 0.171491
261500 0.163547
261600 0.163018
261700 0.167066
261800 0.164573
261900 0.166998
262000 0.173216
262100 0.168519
262200 0.163809
262300 0.168419
262400 0.170622
262500 0.170921
262600 0.168536
262700 0.167205
262800 0.180315
262900 0.170337
263000 0.167745
263100 0.178293
263200 0.174715
263300 0.168821
263400 0.184416
263500 0.166486
263600 0.169308
263700 0.174164
263800 0.168396
263900 0.170492
264000 0.168612
264100 0.167494
264200 0.16496
264300 0.171344
264400 0.177277
264500 0.177432
264600 0.171001
264700 0.167867
264800 0.175105
264900 0.176023
265000 0.178718
265100 0.178787
265200 0.168553
265300 0.167783
265400 0.17081
265500 0.170599
265600 0.166107
265700 0.183436
265800 0.171837
265900 0.173575
266000 0.166587
266100 0.17373
266200 0.168357
266300 0.178367
266400 0.173865
266500 0.170872
266600 0.175663
266700 0.177367
266800 0.175966
266900 0.16916
267000 0.1723
267100 0.17708
267200 0.173414
267300 0.165209
267400 0.177145
267500 0.172091
267600 0.176612
267700 0.174553
267800 0.165306
267900 0.170654
268000 0.181197
268100 0.173297
268200 0.170937
268300 0.170088
268400 0.169759
268500 0.177385
268600 0.178948
268700 0.187894
268800 0.17421
268900 0.196973
269000 0.200855
269100 0.180471
269200 0.173941
269300 0.180091
269400 0.18564
269500 0.189318
269600 0.182232
269700 0.188318
269800 0.177704
269900 0.171167
270000 0.175892
270100 0.17515
270200 0.176468
270300 0.181151
270400 0.18909
270500 0.173502
270600 0.172732
270700 0.17146
270800 0.182714
270900 0.180356
271000 0.175684
271100 0.172561
271200 0.176713
271300 0.175125
271400 0.173666
271500 0.17639
271600 0.175236
271700 0.173628
271800 0.172721
271900 0.191311
272000 0.179247
272100 0.173907
272200 0.175811
272300 0.181156
272400 0.187411
272500 0.183025
272600 0.17512
272700 0.170959
272800 0.174806
272900 0.174331
273000 0.171434
273100 0.176289
273200 0.176996
273300 0.174537
273400 0.181559
273500 0.174133
273600 0.174924
273700 0.176707
273800 0.178225
273900 0.180079
274000 0.176848
274100 0.18561
274200 0.175517
274300 0.176111
274400 0.183766
274500 0.180034
274600 0.17888
274700 0.18352
274800 0.174845
274900 0.177187
275000 0.17918
275100 0.176568
275200 0.176147
275300 0.176865
275400 0.177342
275500 0.175758
275600 0.190563
275700 0.193958
275800 0.179889
275900 0.182201
276000 0.181747
276100 0.174766
276200 0.177156
276300 0.177269
276400 0.182942
276500 0.188612
276600 0.177402
276700 0.176503
276800 0.177348
276900 0.175314
277000 0.178632
277100 0.177478
277200 0.173117
277300 0.178115
277400 0.176735
277500 0.181746
277600 0.185832
277700 0.176477
277800 0.18084
277900 0.182445
278000 0.180066
278100 0.18057
278200 0.186333
278300 0.180683
278400 0.177177
278500 0.179815
278600 0.179002
278700 0.183587
278800 0.193231
278900 0.184092
279000 0.188275
279100 0.18023
279200 0.178421
279300 0.174173
279400 0.179878
279500 0.180246
279600 0.177871
279700 0.177205
279800 0.179831
279900 0.192776
280000 0.174757
280100 0.178949
280200 0.180169
280300 0.176921
280400 0.184809
280500 0.178062
280600 0.179841
280700 0.181035
280800 0.176415
280900 0.183854
281000 0.187114
281100 0.183899
281200 0.184425
281300 0.177569
281400 0.1866
281500 0.183631
281600 0.184454
281700 0.187295
281800 0.180077
281900 0.185268
282000 0.185372
282100 0.184904
282200 0.180343
282300 0.194438
282400 0.176756
282500 0.178448
282600 0.18537
282700 0.189565
282800 0.177043
282900 0.203239
283000 0.177254
283100 0.183291
283200 0.204629
283300 0.176661
283400 0.176764
283500 0.187996
283600 0.187503
283700 0.19315
283800 0.196176
283900 0.181333
284000 0.182685
284100 0.200316
284200 0.180952
284300 0.181613
284400 0.1842
284500 0.1831
284600 0.187577
284700 0.187021
284800 0.185976
284900 0.187168
285000 0.202587
285100 0.191427
285200 0.183232
285300 0.179964
285400 0.185378
285500 0.186461
285600 0.178555
285700 0.184761
285800 0.188997
285900 0.208485
286000 0.232278
286100 0.274227
286200 0.185371
286300 0.189295
286400 0.182906
286500 0.184078
286600 0.195818
286700 0.192995
286800 0.192512
286900 0.184495
287000 0.190212
287100 0.180445
287200 0.198685
287300 0.178943
287400 0.18764
287500 0.186635
287600 0.186498
287700 0.195437
287800 0.18421
287900 0.185878
288000 0.186953
288100 0.195571
288200 0.186363
288300 0.187805
288400 0.204071
288500 0.18782
288600 0.184554
288700 0.188442
288800 0.187421
288900 0.190693
289000 0.188916
289100 0.187392
289200 0.206726
289300 0.18289
289400 0.180388
289500 0.186969
289600 0.193561
289700 0.192656
289800 0.200651
289900 0.185875
290000 0.178743
290100 0.186606
290200 0.187546
290300 0.185958
