1 2.06e-07
6 1.441e-06
11 2.216e-06
16 3.128e-06
21 4e-06
26 5.286e-06
31 8.6e-06
36 8.137e-06
41 1.007e-05
46 8.603e-06
51 8.991e-06
56 1.0152e-05
61 9.69e-06
66 1.1968e-05
71 1.3745e-05
76 1.3522e-05
81 1.3287e-05
86 1.5588e-05
91 1.5421e-05
96 1.8578e-05
101 1.7848e-05
106 2.0309e-05
111 1.917e-05
116 2.3521e-05
121 2.1098e-05
126 1.994e-05
131 2.2817e-05
136 2.3038e-05
141 2.5464e-05
146 2.6506e-05
151 2.7964e-05
156 3.1911e-05
161 2.8492e-05
166 3.0549e-05
171 3.0738e-05
176 2.7545e-05
181 3.5233e-05
186 3.8473e-05
191 4.0501e-05
196 3.5793e-05
201 4.7981e-05
206 3.9741e-05
211 3.5019e-05
216 3.6358e-05
221 4.3283e-05
226 4.3507e-05
231 4.198e-05
236 3.7759e-05
241 4.668e-05
246 5.4714e-05
251 4.5563e-05
256 4.9108e-05
261 4.1635e-05
266 4.4054e-05
271 4.4734e-05
276 4.4835e-05
281 5.9204e-05
286 5.7289e-05
291 5.2391e-05
296 5.6343e-05
301 5.7726e-05
306 7.0255e-05
311 5.736e-05
316 5.1322e-05
321 6.7753e-05
326 5.3985e-05
331 5.5423e-05
336 5.3616e-05
341 6.411e-05
346 7.4512e-05
351 5.4262e-05
356 7.4586e-05
361 6.7252e-05
366 6.7291e-05
371 6.4914e-05
376 5.9169e-05
381 9.661e-05
386 6.4953e-05
391 6.6962e-05
396 6.9865e-05
401 7.6587e-05
406 8.6411e-05
411 7.4704e-05
416 7.2225e-05
421 6.5897e-05
426 7.6489e-05
431 9.2879e-05
436 0.00540688
441 8.1254e-05
446 8.4051e-05
451 8.1566e-05
456 7.7293e-05
461 8.3929e-05
466 7.945e-05
471 7.7599e-05
476 8.8014e-05
481 8.1068e-05
486 9.507e-05
491 7.8685e-05
496 8.302e-05
501 0.000113268
506 0.000131266
511 8.0981e-05
516 8.3272e-05
521 8.9617e-05
526 9.2323e-05
531 9.2956e-05
536 0.000133411
541 9.0295e-05
546 0.000186263
551 9.3732e-05
556 8.5097e-05
561 0.000107258
566 0.000113948
571 0.000107843
576 9.6286e-05
581 9.3789e-05
586 8.6569e-05
591 0.000105219
596 9.5072e-05
601 0.000113177
606 0.000197981
611 9.4315e-05
616 9.1968e-05
621 9.614e-05
626 0.000359943
631 0.000103493
636 0.000102138
641 0.000294411
646 0.000110843
651 0.000488091
656 0.000108076
661 0.000715844
666 0.000116661
671 0.000337068
676 0.000103743
681 0.000125746
686 0.000135499
691 0.000131916
696 0.000106847
701 0.000133185
706 0.000113067
711 0.000229985
716 0.000121232
721 0.000115167
726 0.000127972
731 0.000106148
736 0.000139549
741 0.000138766
746 0.000122586
751 0.000121391
756 0.000148404
761 0.000134262
766 0.0001442
771 0.00016291
776 0.000151367
781 0.000216525
786 0.000126275
791 0.000130806
796 0.000138919
801 0.000173881
806 0.000295917
811 0.000128422
816 0.000132185
821 0.00712579
826 0.000132006
831 0.000207145
836 0.000288839
841 0.000139014
846 0.000139464
851 0.000153538
856 0.000179676
861 0.000144026
866 0.000130814
871 0.000163914
876 0.000147167
881 0.000509407
886 0.000136358
891 0.000133927
896 0.00014405
901 0.000182009
906 0.000151753
911 0.000151494
916 0.000165007
921 0.000161808
926 0.000169935
931 0.000168592
936 0.000148149
941 0.000171421
946 0.000142398
951 0.000163628
956 0.000183666
961 0.000253743
966 0.000169402
971 0.000157199
976 0.000169622
981 0.000167008
986 0.00017714
991 0.000151415
996 0.00021906
1001 0.000409983
1006 0.000148214
1011 0.000243592
1016 0.000170332
1021 0.00077961
1026 0.000198121
1031 0.000186357
1036 0.00016083
1041 0.000207165
1046 0.000156013
1051 0.000189626
1056 0.000199937
1061 0.000367467
1066 0.000204291
1071 0.000182308
1076 0.000214575
1081 0.000188819
1086 0.000178694
1091 0.000205051
1096 0.000207632
1101 0.000215923
1106 0.000247386
1111 0.000180497
1116 0.000194667
1121 0.000279106
1126 0.000191039
1131 0.000213459
1136 0.000275761
1141 0.000193377
1146 0.000238963
1151 0.000183303
1156 0.000203567
1161 0.000195785
1166 0.000212312
1171 0.00031177
1176 0.000383375
1181 0.000208096
1186 0.000252364
1191 0.000175572
1196 0.000212539
1201 0.000344955
1206 0.000302882
1211 0.000191031
1216 0.000394155
1221 0.000396157
1226 0.000191571
1231 0.00026673
1236 0.00108951
1241 0.000308111
1246 0.000205878
1251 0.000221553
1256 0.0002244
1261 0.000196485
1266 0.000239561
1271 0.000214387
1276 0.000227911
1281 0.000201078
1286 0.000238399
1291 0.000248086
1296 0.000202503
1301 0.000301172
1306 0.000273136
1311 0.000210728
1316 0.000461179
1321 0.000224705
1326 0.000215447
1331 0.000411564
1336 0.000250223
1341 0.000289805
1346 0.00036553
1351 0.000235323
1356 0.000273845
1361 0.000246793
1366 0.00031076
1371 0.00025223
1376 0.000247292
1381 0.000227983
1386 0.000207741
1391 0.000227974
1396 0.000385747
1401 0.000261814
1406 0.00080333
1411 0.000282685
1416 0.00026986
1421 0.000228601
1426 0.000290886
1431 0.000477984
1436 0.000405554
1441 0.000321425
1446 0.000293641
1451 0.000238263
1456 0.000252173
1461 0.000263282
1466 0.000375052
1471 0.000222244
1476 0.000233902
1481 0.00033963
1486 0.00032587
1491 0.000301896
1496 0.000274195
1501 0.000243066
1506 0.000274637
1511 0.000237183
1516 0.000280361
1521 0.000336045
1526 0.000244033
1531 0.000289787
1536 0.000499248
1541 0.000316728
1546 0.00030059
1551 0.000507863
1556 0.000252465
1561 0.000411606
1566 0.000413235
1571 0.000246558
1576 0.00027851
1581 0.000268179
1586 0.000280539
1591 0.000253982
1596 0.000365601
1601 0.000413895
1606 0.000312233
1611 0.000708198
1616 0.000281746
1621 0.000372304
1626 0.000654595
1631 0.000431987
1636 0.00272556
1641 0.000307026
1646 0.000341701
1651 0.000480202
1656 0.00287747
1661 0.000326379
1666 0.00110574
1671 0.00027407
1676 0.000353436
1681 0.00044
1686 0.000334446
1691 0.00029619
1696 0.000305013
1701 0.000497884
1706 0.000297298
1711 0.000451551
1716 0.000272743
1721 0.000397862
1726 0.000365891
1731 0.000260595
1736 0.00498197
1741 0.00172826
1746 0.000304041
1751 0.00041203
1756 0.0278388
1761 0.000304484
1766 0.000295292
1771 0.000278479
1776 0.000324685
1781 0.000283488
1786 0.00054318
1791 0.00031496
1796 0.000541082
1801 0.000572031
1806 0.000431731
1811 0.000335504
1816 0.0181581
1821 0.000539947
1826 0.000543093
1831 0.000386486
1836 0.000308098
1841 0.000594759
1846 0.000311854
1851 0.023521
1856 0.000501136
1861 0.00039934
1866 0.000367596
1871 0.000275144
1876 0.000406321
1881 0.000479875
1886 0.000775751
1891 0.00407601
1896 0.0281443
1901 0.00051228
1906 0.000332105
1911 0.000371169
1916 0.000623806
1921 0.000926575
1926 0.000294639
1931 0.000333736
1936 0.000299177
1941 0.000337623
1946 0.000565611
1951 0.00433229
1956 0.00048243
1961 0.000343965
1966 0.000339022
1971 0.000341789
1976 0.000561086
1981 0.000668546
1986 0.00047292
1991 0.000340457
1996 0.000346183
2001 0.000337719
2006 0.00639742
2011 0.000372295
2016 0.00043662
2021 0.000340347
2026 0.000400106
2031 0.000473146
2036 0.000392935
2041 0.000359813
2046 0.00550485
2051 0.000799788
2056 0.000482017
2061 0.000378975
2066 0.0055889
2071 0.000448381
2076 0.000529024
2081 0.000367523
2086 0.000344897
2091 0.000443986
2096 0.000440736
2101 0.00034031
2106 0.000322972
2111 0.000419817
2116 0.00103134
2121 0.000370345
2126 0.000369825
2131 0.000337445
2136 0.00055051
2141 0.000433747
2146 0.00036545
2151 0.000683321
2156 0.000360085
2161 0.000448494
2166 0.000546425
2171 0.000362877
2176 0.000347318
2181 0.000346902
2186 0.000421103
2191 0.000406452
2196 0.00042993
2201 0.000340951
2206 0.00044882
2211 0.00049169
2216 0.00652238
2221 0.00053035
2226 0.000981829
2231 0.0055856
2236 0.000812684
2241 0.00651872
2246 0.000418894
2251 0.000396334
2256 0.000474874
2261 0.0436727
2266 0.000662067
2271 0.000372717
2276 0.000442629
2281 0.00498734
2286 0.000410208
2291 0.000728344
2296 0.000372706
2301 0.000559455
2306 0.000816953
2311 0.000396173
2316 0.000452775
2321 0.000358074
2326 0.000392934
2331 0.000356985
2336 0.00205596
2341 0.000503595
2346 0.000906854
2351 0.00174812
2356 0.000398868
2361 0.000446594
2366 0.000393146
2371 0.000900839
2376 0.000400716
2381 0.00231056
2386 0.00047174
2391 0.00349332
2396 0.000524176
2401 0.000613328
2406 0.000537128
2411 0.000410563
2416 0.000817201
2421 0.000684632
2426 0.000520562
2431 0.000619416
2436 0.00045419
2441 0.00477036
2446 0.00310538
2451 0.000564285
2456 0.00848611
2461 0.000412131
2466 0.000509053
2471 0.000466054
2476 0.000602705
2481 0.000672446
2486 0.000405978
2491 0.000660502
2496 0.000557212
2501 0.000603213
2506 0.000462991
2511 0.000685908
2516 0.0151242
2521 0.000684085
2526 0.000458851
2531 0.000813996
2536 0.00176594
2541 0.00704459
2546 0.000942975
2551 0.000480944
2556 0.000565687
2561 0.000622207
2566 0.000714332
2571 0.00252505
2576 0.000546609
2581 0.000447266
2586 0.000564057
2591 0.000838883
2596 0.000660739
2601 0.000637404
2606 0.0010436
2611 0.000466836
2616 0.000442449
2621 0.00075086
2626 0.000992271
2631 0.000580888
2636 0.000471277
2641 0.000712715
2646 0.000677601
2651 0.000516888
2656 0.00592587
2661 0.000583115
2666 0.000615061
2671 0.0004668
2676 0.000641833
2681 0.000644718
2686 0.000733018
2691 0.00053236
2696 0.000516532
2701 0.000520661
2706 0.00213885
2711 0.000487939
2716 0.000554504
2721 0.00106912
2726 0.000442975
2731 0.00488899
2736 0.000474066
2741 0.00058486
2746 0.00058088
2751 0.000618734
2756 0.000781357
2761 0.000472061
2766 0.000474175
2771 0.0006796
2776 0.000506357
2781 0.000473385
2786 0.000481425
2791 0.000488159
2796 0.000683852
2801 0.000511676
2806 0.000635795
2811 0.000476484
2816 0.000655127
2821 0.000668948
2826 0.000507414
2831 0.000648083
2836 0.000441436
2841 0.00447552
2846 0.000595324
2851 0.000515908
2856 0.00217969
2861 0.00063038
2866 0.000595152
2871 0.000482937
2876 0.000882534
2881 0.000592664
2886 0.00399054
2891 0.000530747
2896 0.00090588
2901 0.000533202
2906 0.00048361
2911 0.000528836
2916 0.000645476
2921 0.000570129
2926 0.000740796
2931 0.000637776
2936 0.000557572
2941 0.0006662
2946 0.000552359
2951 0.000482763
2956 0.000477185
2961 0.000501136
2966 0.00502867
2971 0.000473915
2976 0.00064846
2981 0.000647305
2986 0.00425397
2991 0.00109983
2996 0.000517429
3001 0.000554584
3006 0.000912341
3011 0.000628275
3016 0.00061441
3021 0.000470771
3026 0.000479751
3031 0.000510093
3036 0.000607822
3041 0.000566801
3046 0.000772424
3051 0.00052315
3056 0.000452057
3061 0.000591822
3066 0.000826114
3071 0.000487065
3076 0.000637675
3081 0.000578666
3086 0.00112424
3091 0.000745864
3096 0.00057386
3101 0.000566687
3106 0.000661694
3111 0.000610945
3116 0.000572518
3121 0.000558502
3126 0.000884147
3131 0.000588449
3136 0.00053441
3141 0.00086615
3146 0.000574059
3151 0.00134232
3156 0.000590113
3161 0.000633872
3166 0.00100969
3171 0.000582724
3176 0.00575035
3181 0.00074248
3186 0.000558594
3191 0.0007403
3196 0.00158203
3201 0.000524216
3206 0.000489434
3211 0.00116957
3216 0.000856248
3221 0.000601505
3226 0.000710326
3231 0.000739097
3236 0.000732957
3241 0.000521021
3246 0.000644254
3251 0.000489664
3256 0.00332431
3261 0.000530726
3266 0.001692
3271 0.000628398
3276 0.000701789
3281 0.000555861
3286 0.000667544
3291 0.00075901
3296 0.000519013
3301 0.000673184
3306 0.000588802
3311 0.000529617
3316 0.000608824
3321 0.000665203
3326 0.000577641
3331 0.000557095
3336 0.000646345
3341 0.000609333
3346 0.000549332
3351 0.00064504
3356 0.000526665
3361 0.00497766
3366 0.000994586
3371 0.000705777
3376 0.00233476
3381 0.00580763
3386 0.000696688
3391 0.00097599
3396 0.0005901
3401 0.000692198
3406 0.00112638
3411 0.000717634
3416 0.000544234
3421 0.0108634
3426 0.000594898
3431 0.000656745
3436 0.000585444
3441 0.000904637
3446 0.000549849
3451 0.00100009
3456 0.000583688
3461 0.000981978
3466 0.000658037
3471 0.000648112
3476 0.000544
3481 0.000633792
3486 0.000536023
3491 0.000549627
3496 0.00056952
3501 0.00116867
3506 0.000656673
3511 0.000633152
3516 0.00227439
3521 0.000742271
3526 0.000922999
3531 0.000628729
3536 0.000708502
3541 0.00106533
3546 0.000688548
3551 0.000726065
3556 0.000647064
3561 0.00388421
3566 0.000822721
3571 0.000552135
3576 0.0005999
3581 0.000614412
3586 0.0010381
3591 0.0011072
3596 0.0015132
3601 0.00238259
3606 0.000554915
3611 0.000722621
3616 0.00177994
3621 0.00133375
3626 0.000812514
3631 0.000751609
3636 0.000572026
3641 0.00202875
3646 0.000725207
3651 0.000610014
3656 0.000792698
3661 0.00121021
3666 0.000693525
3671 0.00161551
3676 0.00177822
3681 0.00456151
3686 0.00121421
3691 0.000589058
3696 0.000809142
3701 0.000687847
3706 0.001028
3711 0.000984792
3716 0.00930512
3721 0.000699083
3726 0.00060599
3731 0.000707899
3736 0.00168687
3741 0.0008042
3746 0.0137193
3751 0.00155741
3756 0.000859465
3761 0.000968169
3766 0.00106175
3771 0.00168905
3776 0.000691826
3781 0.00083886
3786 0.00082745
3791 0.000611404
3796 0.000646259
3801 0.00538885
3806 0.000801641
3811 0.0031045
3816 0.000756211
3821 0.000705841
3826 0.000660236
3831 0.000662436
3836 0.000694575
3841 0.000826141
3846 0.0268073
3851 0.000597834
3856 0.000721208
3861 0.00126076
3866 0.000728701
3871 0.000695191
3876 0.000678182
3881 0.00443152
3886 0.000635863
3891 0.00132078
3896 0.000850229
3901 0.000745322
3906 0.000787705
3911 0.000894231
3916 0.000709985
3921 0.000625573
3926 0.000728793
3931 0.00213454
3936 0.000777211
3941 0.00098201
3946 0.00108644
3951 0.000610316
3956 0.000753169
3961 0.000844934
3966 0.000736209
3971 0.00195591
3976 0.000706265
3981 0.000956031
3986 0.000701763
3991 0.000659453
3996 0.000642364
4001 0.00065206
4006 0.000986323
4011 0.00084378
4016 0.000949095
4021 0.00100135
4026 0.000790264
4031 0.000899994
4036 0.000615818
4041 0.000660639
4046 0.000881135
4051 0.000629782
4056 0.000831758
4061 0.00103276
4066 0.000684261
4071 0.000942961
4076 0.000879841
4081 0.00091049
4086 0.0120147
4091 0.000683848
4096 0.000603508
4101 0.000614905
4106 0.000640415
4111 0.000717175
4116 0.000894561
4121 0.00100007
4126 0.00239502
4131 0.00454322
4136 0.000686896
4141 0.00101592
4146 0.000637769
4151 0.000673737
4156 0.000824372
4161 0.00115138
4166 0.000732524
4171 0.000786099
4176 0.000676955
4181 0.000926278
4186 0.00408811
4191 0.0127077
4196 0.000760455
4201 0.000738817
4206 0.00121021
4211 0.000696234
4216 0.0010337
4221 0.00418447
4226 0.00687752
4231 0.000761115
4236 0.000671171
4241 0.000843119
4246 0.000942537
4251 0.00812764
4256 0.00100013
4261 0.000705489
4266 0.00576124
4271 0.000914183
4276 0.000689043
4281 0.0010844
4286 0.00102253
4291 0.000667379
4296 0.000716651
4301 0.000793086
4306 0.00384061
4311 0.000894064
4316 0.000868241
4321 0.000778429
4326 0.00111546
4331 0.000686896
4336 0.000668474
4341 0.000955338
4346 0.000931003
4351 0.000848596
4356 0.000736866
4361 0.000811625
4366 0.00133024
4371 0.000878646
4376 0.000953634
4381 0.000801656
4386 0.000730675
4391 0.000668079
4396 0.000892472
4401 0.00111673
4406 0.00211739
4411 0.00118278
4416 0.00101918
4421 0.000693214
4426 0.000850869
4431 0.000706155
4436 0.000812901
4441 0.00103292
4446 0.000693461
4451 0.00176358
4456 0.00116053
4461 0.000792633
4466 0.000861531
4471 0.00068969
4476 0.000670757
4481 0.00322287
4486 0.000810722
4491 0.00104805
4496 0.00085981
4501 0.000847958
4506 0.000941717
4511 0.000677371
4516 0.00100029
4521 0.000854493
4526 0.00316401
4531 0.00269183
4536 0.000931723
4541 0.000902581
4546 0.000841936
4551 0.000764419
4556 0.000860685
4561 0.000776949
4566 0.000975324
4571 0.00136965
4576 0.000802083
4581 0.00066789
4586 0.0011516
4591 0.001301
4596 0.000732303
4601 0.000769987
4606 0.00107622
4611 0.0211304
4616 0.0030974
4621 0.00113302
4626 0.000961424
4631 0.00118727
4636 0.000957157
4641 0.000932026
4646 0.00472758
4651 0.00090375
4656 0.000942606
4661 0.000807513
4666 0.00082106
4671 0.00127568
4676 0.000954525
4681 0.000690289
4686 0.000834898
4691 0.0071634
4696 0.00316412
4701 0.00153168
4706 0.00105036
4711 0.00114355
4716 0.000736126
4721 0.0011889
4726 0.000871147
4731 0.00089037
4736 0.00145656
4741 0.00244559
4746 0.00103938
4751 0.000906095
4756 0.000756166
4761 0.00077135
4766 0.0008303
4771 0.000867978
4776 0.00116708
4781 0.000799542
4786 0.000984449
4791 0.00099765
4796 0.000986928
4801 0.000925388
4806 0.000870083
4811 0.000833895
4816 0.00276504
4821 0.0103903
4826 0.000766189
4831 0.000884793
4836 0.0271017
4841 0.000972863
4846 0.000757422
4851 0.000829924
4856 0.000790268
4861 0.000908854
4866 0.000997063
4871 0.00115513
4876 0.00105679
4881 0.00167783
4886 0.00149143
4891 0.000874864
4896 0.000919514
4901 0.00113721
4906 0.000892794
4911 0.00782496
4916 0.00104941
4921 0.00150589
4926 0.000854075
4931 0.000765668
4936 0.000994188
4941 0.000812231
4946 0.000963641
4951 0.000758982
4956 0.000762697
4961 0.00137909
4966 0.00688593
4971 0.00101104
4976 0.00110446
4981 0.00101665
4986 0.00153786
4991 0.00098693
4996 0.00236453
5001 0.000995678
5006 0.00147288
5011 0.000795204
5016 0.000928644
5021 0.000993741
5026 0.0043744
5031 0.000762596
5036 0.000899466
5041 0.00111436
5046 0.000910577
5051 0.000879933
5056 0.00079506
5061 0.0010296
5066 0.00109497
5071 0.0143593
5076 0.0019811
5081 0.000933183
5086 0.00244494
5091 0.000787478
5096 0.00509134
5101 0.00138482
5106 0.0016657
5111 0.00487722
5116 0.00155029
5121 0.000996807
5126 0.00145548
5131 0.000768149
5136 0.00718432
5141 0.000982694
5146 0.00081771
5151 0.00149783
5156 0.00122275
5161 0.000945255
5166 0.000897069
5171 0.0338801
5176 0.00120379
5181 0.000825197
5186 0.000923336
5191 0.00102181
5196 0.00104082
5201 0.000900548
5206 0.00119476
5211 0.000875448
5216 0.00935592
5221 0.00114506
5226 0.00104908
5231 0.000882337
5236 0.0011242
5241 0.0010071
5246 0.00607267
5251 0.00104361
5256 0.0013161
5261 0.0126036
5266 0.00133923
5271 0.00124448
5276 0.00114814
5281 0.000835373
5286 0.000923232
5291 0.00110706
5296 0.00134885
5301 0.00097579
5306 0.00168604
5311 0.0011167
5316 0.00623038
5321 0.00101286
5326 0.0013693
5331 0.00101541
5336 0.00157367
5341 0.000880507
5346 0.00098108
5351 0.000857128
5356 0.00120885
5361 0.000949093
5366 0.0213525
5371 0.00120806
5376 0.000901901
5381 0.000949088
5386 0.00132336
5391 0.00153345
5396 0.000843294
5401 0.00140365
5406 0.00788731
5411 0.000793876
5416 0.00169913
5421 0.00270869
5426 0.000932638
5431 0.00789361
5436 0.00102792
5441 0.0083734
5446 0.00113223
5451 0.00099983
5456 0.00107623
5461 0.00663931
5466 0.00134201
5471 0.00109028
5476 0.00110096
5481 0.0013825
5486 0.000900301
5491 0.00179269
5496 0.00155207
5501 0.00346038
5506 0.00118866
5511 0.000976879
5516 0.00138558
5521 0.0104078
5526 0.00110839
5531 0.000946004
5536 0.00126759
5541 0.00114803
5546 0.00100964
5551 0.00133898
5556 0.0101365
5561 0.00111127
5566 0.00130214
5571 0.00157387
5576 0.00101782
5581 0.00101173
5586 0.00158611
5591 0.000946548
5596 0.000985957
5601 0.00555386
5606 0.000869982
5611 0.00724309
5616 0.000876991
5621 0.000921595
5626 0.000992911
5631 0.000938841
5636 0.00222632
5641 0.00121777
5646 0.00115192
5651 0.0201704
5656 0.00112213
5661 0.00116486
5666 0.00112054
5671 0.00112272
5676 0.00104586
5681 0.00133814
5686 0.00121025
5691 0.00114535
5696 0.000940998
5701 0.00141841
5706 0.00111281
5711 0.00112628
5716 0.00110717
5721 0.00128629
5726 0.000984802
5731 0.00103798
5736 0.00151602
5741 0.00146386
5746 0.00769741
5751 0.00219503
5756 0.00146402
5761 0.00113046
5766 0.00106834
5771 0.00129768
5776 0.00101394
5781 0.00145559
5786 0.00100256
5791 0.000902993
5796 0.00137088
5801 0.000999534
5806 0.000907205
5811 0.00111853
5816 0.00520241
5821 0.020412
5826 0.00103207
5831 0.00153072
5836 0.00147087
5841 0.0061579
5846 0.00092079
5851 0.01719
5856 0.00135944
5861 0.00104423
5866 0.000928307
5871 0.0012299
5876 0.000930281
5881 0.0013776
5886 0.00120963
5891 0.000935351
5896 0.00113682
5901 0.0011529
5906 0.00141281
5911 0.00148144
5916 0.00111416
5921 0.00118746
5926 0.00117075
5931 0.0010658
5936 0.000915317
5941 0.00113089
5946 0.00140066
5951 0.00697701
5956 0.00101928
5961 0.000988459
5966 0.00125524
5971 0.000966611
5976 0.000888794
5981 0.000986518
5986 0.000913848
5991 0.00111492
5996 0.00120475
6001 0.00409342
6006 0.00171666
6011 0.00145761
6016 0.000977037
6021 0.00155437
6026 0.00117853
6031 0.00613723
6036 0.00143176
6041 0.00111023
6046 0.000981333
6051 0.00130202
6056 0.00105358
6061 0.00122183
6066 0.00220321
6071 0.00120765
6076 0.00126666
6081 0.00100762
6086 0.00101688
6091 0.0017782
6096 0.000917563
6101 0.00189857
6106 0.00202816
6111 0.00477449
6116 0.00200676
6121 0.00182583
6126 0.000903418
6131 0.00162685
6136 0.00125495
6141 0.00101183
6146 0.00105216
6151 0.00153295
6156 0.00103183
6161 0.00142131
6166 0.000911593
6171 0.0159865
6176 0.00107406
6181 0.00188796
6186 0.001209
6191 0.00224986
6196 0.00108024
6201 0.00285064
6206 0.00546495
6211 0.0010395
6216 0.00143811
6221 0.00110318
6226 0.00173967
6231 0.00145412
6236 0.00108256
6241 0.00226656
6246 0.00112726
6251 0.00121639
6256 0.0013775
6261 0.00127383
6266 0.00112065
6271 0.00107161
6276 0.00121241
6281 0.00592727
6286 0.00129715
6291 0.00131651
6296 0.00172514
6301 0.00131971
6306 0.00106546
6311 0.0010794
6316 0.000992678
6321 0.00143713
6326 0.00320318
6331 0.00113252
6336 0.00179394
6341 0.0055849
6346 0.00093167
6351 0.00116651
6356 0.00118203
6361 0.00120772
6366 0.00140905
6371 0.0118621
6376 0.00151041
6381 0.00794661
6386 0.00115073
6391 0.00107646
6396 0.0013181
6401 0.00132099
6406 0.00109544
6411 0.00132101
6416 0.00102659
6421 0.00164393
6426 0.00123373
6431 0.0010571
6436 0.000986144
6441 0.00153796
6446 0.00132727
6451 0.00122856
6456 0.0011257
6461 0.0050123
6466 0.00159018
6471 0.0014039
6476 0.0011224
6481 0.00553719
6486 0.00142187
6491 0.00106731
6496 0.000997485
6501 0.00168425
6506 0.00141037
6511 0.00125491
6516 0.00833486
6521 0.0010208
6526 0.00184689
6531 0.00122019
6536 0.0014713
6541 0.00125827
6546 0.00117931
6551 0.0012285
6556 0.0011299
6561 0.00118685
6566 0.00118658
6571 0.00158824
6576 0.00159472
6581 0.00112205
6586 0.00182429
6591 0.00614319
6596 0.00111362
6601 0.00135475
6606 0.00132781
6611 0.00114804
6616 0.0011822
6621 0.000956039
6626 0.00123947
6631 0.00125476
6636 0.00115533
6641 0.00517389
6646 0.0107296
6651 0.00110775
6656 0.0116526
6661 0.00122078
6666 0.0295123
6671 0.00131797
6676 0.00164339
6681 0.00159897
6686 0.00103486
6691 0.00523905
6696 0.00130391
6701 0.00585483
6706 0.00129381
6711 0.00113815
6716 0.00142095
6721 0.00108401
6726 0.00106573
6731 0.00174856
6736 0.00112098
6741 0.00119736
6746 0.00124262
6751 0.00147318
6756 0.00130078
6761 0.0012073
6766 0.00154211
6771 0.00174753
6776 0.00108105
6781 0.00682561
6786 0.00153602
6791 0.0018523
6796 0.00153584
6801 0.00305088
6806 0.00425297
6811 0.00134318
6816 0.00161614
6821 0.00104129
6826 0.00208134
6831 0.00146375
6836 0.00143364
6841 0.00113022
6846 0.00140376
6851 0.0011742
6856 0.00131894
6861 0.00107243
6866 0.00159772
6871 0.0148178
6876 0.00119048
6881 0.00519665
6886 0.00111244
6891 0.00181992
6896 0.00108194
6901 0.00633757
6906 0.00106373
6911 0.00101648
6916 0.00314582
6921 0.00719224
6926 0.00106018
6931 0.00343697
6936 0.00131415
6941 0.00125826
6946 0.00110529
6951 0.0086335
6956 0.00966778
6961 0.00228497
6966 0.00173394
6971 0.001442
6976 0.00710664
6981 0.00105958
6986 0.0012227
6991 0.00107087
6996 0.00169105
7001 0.00123422
7006 0.00999805
7011 0.0249004
7016 0.00139765
7021 0.00129286
7026 0.00128991
7031 0.00645521
7036 0.00344613
7041 0.00951905
7046 0.00143989
7051 0.00690974
7056 0.00132765
7061 0.00112489
7066 0.00117782
7071 0.00940061
7076 0.00575255
7081 0.001137
7086 0.00136654
7091 0.00214875
7096 0.00145812
7101 0.00161823
7106 0.00147993
7111 0.00438646
7116 0.00154065
7121 0.00330489
7126 0.00160035
7131 0.00124875
7136 0.00124585
7141 0.00181905
7146 0.00156768
7151 0.00116385
7156 0.00668887
7161 0.00110529
7166 0.00145573
7171 0.00177303
7176 0.00123686
7181 0.00166396
7186 0.00148743
7191 0.00580014
7196 0.00209022
7201 0.00163149
7206 0.00124597
7211 0.00158306
7216 0.00151065
7221 0.00169205
7226 0.00109366
7231 0.00135581
7236 0.00149206
7241 0.00154359
7246 0.00117731
7251 0.0015385
7256 0.00603256
7261 0.00133533
7266 0.00124411
7271 0.00117983
7276 0.00161662
7281 0.00133863
7286 0.0209669
7291 0.00139236
7296 0.0012074
7301 0.00129577
7306 0.00183909
7311 0.00127407
7316 0.00115318
7321 0.0108558
7326 0.00141682
7331 0.00161418
7336 0.0018713
7341 0.00118906
7346 0.00117768
7351 0.00619249
7356 0.00515538
7361 0.00654164
7366 0.00124429
7371 0.00120189
7376 0.00172217
7381 0.00669751
7386 0.00133619
7391 0.00131806
7396 0.00157829
7401 0.00779293
7406 0.00496138
7411 0.00252327
7416 0.00183808
7421 0.00184904
7426 0.00123785
7431 0.00999793
7436 0.00200243
7441 0.0171491
7446 0.00170312
7451 0.00575755
7456 0.00121849
7461 0.00151632
7466 0.00113872
7471 0.0016874
7476 0.00141653
7481 0.00192939
7486 0.00128429
7491 0.00628731
7496 0.00192389
7501 0.0110589
7506 0.00279612
7511 0.00148047
7516 0.00936427
7521 0.00180373
7526 0.00108281
7531 0.00207188
7536 0.0011827
7541 0.00417537
7546 0.00852032
7551 0.00143023
7556 0.009429
7561 0.00139039
7566 0.00580044
7571 0.00532427
7576 0.00174456
7581 0.00189252
7586 0.00827659
7591 0.00584324
7596 0.00132343
7601 0.00304387
7606 0.00141053
7611 0.00215037
7616 0.0022241
7621 0.0070547
7626 0.00452969
7631 0.00156395
7636 0.00117466
7641 0.00712581
7646 0.00148129
7651 0.00175485
7656 0.00133806
7661 0.00134176
7666 0.00159631
7671 0.00127517
7676 0.00820875
7681 0.0164405
7686 0.00849116
7691 0.00185844
7696 0.00117972
7701 0.00115829
7706 0.0248065
7711 0.00439559
7716 0.00250317
7721 0.00140344
7726 0.00630335
7731 0.00210194
7736 0.00516908
7741 0.00144732
7746 0.00367313
7751 0.00442164
7756 0.00143145
7761 0.00140611
7766 0.00121426
7771 0.00172033
7776 0.00228753
7781 0.00150857
7786 0.00200535
7791 0.00127259
7796 0.00120708
7801 0.00213443
7806 0.00117962
7811 0.00491958
7816 0.00163497
7821 0.00249939
7826 0.00132369
7831 0.00152547
7836 0.00178208
7841 0.00257923
7846 0.00941002
7851 0.0013824
7856 0.00157452
7861 0.0130719
7866 0.0018803
7871 0.00622813
7876 0.00477313
7881 0.00249889
7886 0.0157133
7891 0.00134932
7896 0.0106306
7901 0.00159658
7906 0.00151255
7911 0.00544542
7916 0.00125421
7921 0.0019762
7926 0.00163988
7931 0.00133708
7936 0.00155975
7941 0.00191569
7946 0.00271724
7951 0.00979643
7956 0.0083012
7961 0.00226855
7966 0.00167447
7971 0.00148562
7976 0.00136403
7981 0.00154665
7986 0.00759721
7991 0.00188213
7996 0.00173049
8001 0.00341968
8006 0.00356952
8011 0.00161308
8016 0.00771368
8021 0.00348728
8026 0.0012996
8031 0.00311058
8036 0.00180196
8041 0.00539622
8046 0.00151645
8051 0.00259025
8056 0.00204228
8061 0.00180753
8066 0.00218188
8071 0.00299126
8076 0.00135209
8081 0.029787
8086 0.00150014
8091 0.00238791
8096 0.00185319
8101 0.00141155
8106 0.00189983
8111 0.00134565
8116 0.001672
8121 0.00124578
8126 0.0018381
8131 0.00581304
8136 0.00160351
8141 0.0217003
8146 0.00282837
8151 0.00633979
8156 0.0106245
8161 0.00125366
8166 0.00451153
8171 0.00365239
8176 0.00579501
8181 0.00149579
8186 0.00148144
8191 0.00581849
8196 0.047
8201 0.0105233
8206 0.00683041
8211 0.00140662
8216 0.00917598
8221 0.00136478
8226 0.00175488
8231 0.00195757
8236 0.00142001
8241 0.00148994
8246 0.0020155
8251 0.00152303
8256 0.00134027
8261 0.00164955
8266 0.00186493
8271 0.00274125
8276 0.00156663
8281 0.00148016
8286 0.00177704
8291 0.00158948
8296 0.01034
8301 0.00290246
8306 0.00988422
8311 0.00181622
8316 0.00170067
8321 0.00463963
8326 0.0364463
8331 0.0228785
8336 0.00184372
8341 0.00154213
8346 0.00211994
8351 0.00136967
8356 0.00777924
8361 0.00898643
8366 0.00463723
8371 0.00207766
8376 0.00270889
8381 0.00245643
8386 0.00626476
8391 0.00136283
8396 0.00409473
8401 0.00170338
8406 0.00712699
8411 0.00266097
8416 0.00483788
8421 0.00180416
8426 0.00234064
8431 0.00213202
8436 0.00147958
8441 0.00146178
8446 0.00823906
8451 0.00130464
8456 0.00156873
8461 0.00175383
8466 0.00146871
8471 0.020235
8476 0.00155487
8481 0.00242706
8486 0.0119794
8491 0.00274882
8496 0.00155351
8501 0.00141798
8506 0.0033699
8511 0.00146274
8516 0.00145013
8521 0.00142795
8526 0.0179738
8531 0.00276456
8536 0.0245182
8541 0.00199509
8546 0.00680376
8551 0.00493861
8556 0.00223573
8561 0.00179253
8566 0.00131761
8571 0.0124137
8576 0.00210758
8581 0.00175001
8586 0.0020257
8591 0.0141782
8596 0.0242234
8601 0.00184714
8606 0.00167298
8611 0.00435237
8616 0.00208575
8621 0.00135094
8626 0.00196956
8631 0.00177885
8636 0.00446281
8641 0.0369367
8646 0.00164097
8651 0.00599689
8656 0.0017999
8661 0.00646005
8666 0.00187146
8671 0.00157662
8676 0.00786902
8681 0.00729451
8686 0.00727683
8691 0.00169236
8696 0.00136069
8701 0.00210297
8706 0.00227033
8711 0.00690019
8716 0.00166358
8721 0.00232717
8726 0.00147954
8731 0.0015583
8736 0.00544223
8741 0.00167565
8746 0.00669141
8751 0.00177699
8756 0.00149736
8761 0.00272306
8766 0.00137227
8771 0.001607
8776 0.00232743
8781 0.00287226
8786 0.00142766
8791 0.00161436
8796 0.00147664
8801 0.00154862
8806 0.00242219
8811 0.00161978
8816 0.00400255
8821 0.00176725
8826 0.0059845
8831 0.00246147
8836 0.0015839
8841 0.00169627
8846 0.00152042
8851 0.00434007
8856 0.00372357
8861 0.0021593
8866 0.00499393
8871 0.00565799
8876 0.00166537
8881 0.0017883
8886 0.0285874
8891 0.00219839
8896 0.00232068
8901 0.00479634
8906 0.00152995
8911 0.00151069
8916 0.00162523
8921 0.00207387
8926 0.00200489
8931 0.006366
8936 0.00228429
8941 0.0052589
8946 0.00635683
8951 0.00142795
8956 0.00228738
8961 0.00171873
8966 0.00364866
8971 0.00516139
8976 0.00163508
8981 0.00172482
8986 0.00151863
8991 0.00206849
8996 0.0057099
9001 0.00847338
9006 0.0100304
9011 0.00227769
9016 0.00744394
9021 0.00864604
9026 0.00153769
9031 0.00394987
9036 0.0018741
9041 0.00241229
9046 0.00179181
9051 0.00414958
9056 0.00191536
9061 0.00282594
9066 0.00327014
9071 0.00164903
9076 0.0021187
9081 0.00142399
9086 0.00193085
9091 0.0188559
9096 0.00189987
9101 0.00144728
9106 0.00205057
9111 0.00218337
9116 0.00163072
9121 0.00279624
9126 0.00154246
9131 0.0014951
9136 0.00190855
9141 0.00161449
9146 0.00584197
9151 0.00232828
9156 0.00211255
9161 0.00227553
9166 0.00184763
9171 0.00585422
9176 0.0265253
9181 0.00184989
9186 0.00686463
9191 0.00137044
9196 0.0120179
9201 0.00162769
9206 0.00269877
9211 0.00164576
9216 0.00179818
9221 0.0019646
9226 0.00218884
9231 0.00196665
9236 0.00948031
9241 0.0016463
9246 0.00152383
9251 0.00266841
9256 0.00232619
9261 0.00374365
9266 0.00184873
9271 0.00137611
9276 0.00336972
9281 0.00205931
9286 0.00200661
9291 0.0091884
9296 0.00157026
9301 0.00163853
9306 0.00657459
9311 0.0024748
9316 0.00158054
9321 0.00322898
9326 0.00194354
9331 0.00221943
9336 0.00396388
9341 0.0016289
9346 0.0025513
9351 0.00162654
9356 0.00370534
9361 0.00183784
9366 0.00222251
9371 0.002413
9376 0.00178012
9381 0.00401769
9386 0.00245214
9391 0.0114679
9396 0.00142834
9401 0.00149124
9406 0.00355822
9411 0.00570806
9416 0.00244115
9421 0.00703502
9426 0.0290138
9431 0.00150061
9436 0.00159771
9441 0.00158307
9446 0.00210136
9451 0.00943748
9456 0.00178281
9461 0.00894676
9466 0.00181827
9471 0.00166461
9476 0.00750362
9481 0.00156016
9486 0.00238359
9491 0.022701
9496 0.00200249
9501 0.00160544
9506 0.00189564
9511 0.00155058
9516 0.00301123
9521 0.00232502
9526 0.00151028
9531 0.00214206
9536 0.00215691
9541 0.0015716
9546 0.00197131
9551 0.0015178
9556 0.00193704
9561 0.00439597
9566 0.00164126
9571 0.00501867
9576 0.00273606
9581 0.00257645
9586 0.00185609
9591 0.00155719
9596 0.00211885
9601 0.0147601
9606 0.0100186
9611 0.00972111
9616 0.00151898
9621 0.00454585
9626 0.00453992
9631 0.00651989
9636 0.00155226
9641 0.00155064
9646 0.00187725
9651 0.00403145
9656 0.00150407
9661 0.00232805
9666 0.00263738
9671 0.00178941
9676 0.00190147
9681 0.0194669
9686 0.00242835
9691 0.00192562
9696 0.0022445
9701 0.00204302
9706 0.00175887
9711 0.00590978
9716 0.00197727
9721 0.00278686
9726 0.00756821
9731 0.00182202
9736 0.00188694
9741 0.00195277
9746 0.002101
9751 0.00608912
9756 0.00191118
9761 0.00176
9766 0.00150376
9771 0.00163444
9776 0.00164858
9781 0.0024408
9786 0.00186742
9791 0.00227128
9796 0.00529551
9801 0.00165817
9806 0.0019225
9811 0.00151014
9816 0.00202786
9821 0.00197007
9826 0.00344921
9831 0.00165452
9836 0.00189669
9841 0.00184367
9846 0.00837128
9851 0.00188527
9856 0.00759185
9861 0.00206242
9866 0.00344816
9871 0.00750904
9876 0.00248305
9881 0.00266362
9886 0.0020726
9891 0.00165785
9896 0.00178281
9901 0.0028818
9906 0.00255299
9911 0.00188937
9916 0.00181944
9921 0.00204428
9926 0.00680934
9931 0.00199869
9936 0.0113293
9941 0.00178222
9946 0.00572421
9951 0.00250956
9956 0.00155414
9961 0.00902336
9966 0.00353889
9971 0.00158925
9976 0.00228213
9981 0.00623937
9986 0.00292919
9991 0.00882477
9996 0.00165186
